0.010000	1.010100	1.000000	1.010000
0.020000	1.020403	1.010100	1.020200
0.030000	1.030909	1.020403	1.030602
0.040000	1.041622	1.030909	1.041208
0.050000	1.052542	1.041622	1.052020
0.060000	1.063673	1.052542	1.063040
0.070000	1.075016	1.063673	1.074271
0.080000	1.086574	1.075016	1.085713
0.090000	1.098349	1.086574	1.097370
0.100000	1.110342	1.098348	1.109244
0.110000	1.122556	1.110342	1.121337
0.120000	1.134994	1.122556	1.133650
0.130000	1.147657	1.134994	1.146186
0.140000	1.160548	1.147657	1.158948
0.150000	1.173669	1.160548	1.171938
0.160000	1.187022	1.173669	1.185157
0.170000	1.200610	1.187022	1.198609
0.180000	1.214435	1.200610	1.212295
0.190000	1.228499	1.214435	1.226218
0.200000	1.242805	1.228499	1.240380
0.210000	1.257356	1.242806	1.254784
0.220000	1.272153	1.257356	1.269432
0.230000	1.287200	1.272153	1.284326
0.240000	1.302498	1.287200	1.299469
0.250000	1.318051	1.302498	1.314864
0.260000	1.333860	1.318051	1.330513
0.270000	1.349929	1.333860	1.346418
0.280000	1.366259	1.349929	1.362582
0.290000	1.382855	1.366260	1.379008
0.300000	1.399717	1.382855	1.395698
0.310000	1.416850	1.399718	1.412655
0.320000	1.434255	1.416850	1.429881
0.330000	1.451936	1.434255	1.447380
0.340000	1.469895	1.451936	1.465154
0.350000	1.488135	1.469895	1.483205
0.360000	1.506659	1.488135	1.501537
0.370000	1.525469	1.506659	1.520153
0.380000	1.544569	1.525469	1.539054
0.390000	1.563961	1.544569	1.558245
0.400000	1.583649	1.563961	1.577727
0.410000	1.603635	1.583649	1.597505
0.420000	1.623923	1.603635	1.617580
0.430000	1.644515	1.623923	1.637956
0.440000	1.665414	1.644515	1.658635
0.450000	1.686624	1.665414	1.679622
0.460000	1.708148	1.686624	1.700918
0.470000	1.729988	1.708148	1.722527
0.480000	1.752149	1.729988	1.744452
0.490000	1.774632	1.752148	1.766697
0.500000	1.797442	1.774632	1.789264
0.510000	1.820582	1.797442	1.812156
0.520000	1.844055	1.820582	1.835378
0.530000	1.867864	1.844055	1.858932
0.540000	1.892013	1.867864	1.882821
0.550000	1.916506	1.892013	1.907049
0.560000	1.941344	1.916505	1.931620
0.570000	1.966534	1.941344	1.956536
0.580000	1.992076	1.966533	1.981801
0.590000	2.017976	1.992076	2.007419
0.600000	2.044237	2.017976	2.033393
0.610000	2.070862	2.044237	2.059727
0.620000	2.097856	2.070862	2.086425
0.630000	2.125221	2.097855	2.113489
0.640000	2.152961	2.125220	2.140924
0.650000	2.181081	2.152961	2.168733
0.660000	2.209584	2.181081	2.196920
0.670000	2.238474	2.209584	2.225489
0.680000	2.267755	2.238474	2.254444
0.690000	2.297430	2.267754	2.283789
0.700000	2.327504	2.297430	2.313527
0.710000	2.357981	2.327504	2.343662
0.720000	2.388865	2.357981	2.374198
0.730000	2.420160	2.388865	2.405140
0.740000	2.451870	2.420160	2.436492
0.750000	2.483999	2.451870	2.468257
0.760000	2.516551	2.483999	2.500439
0.770000	2.549531	2.516551	2.533044
0.780000	2.582943	2.549531	2.566074
0.790000	2.616792	2.582943	2.599535
0.800000	2.651081	2.616791	2.633430
0.810000	2.685815	2.651080	2.667764
0.820000	2.720998	2.685814	2.702542
0.830000	2.756636	2.720998	2.737767
0.839999	2.792733	2.756636	2.773445
0.849999	2.829293	2.792732	2.809580
0.859999	2.866320	2.829292	2.846175
0.869999	2.903821	2.866319	2.883237
0.879999	2.941798	2.903820	2.920769
0.889999	2.980258	2.941797	2.958777
0.899999	3.019205	2.980257	2.997265
0.909999	3.058644	3.019204	3.036237
0.919999	3.098579	3.058643	3.075700
0.929999	3.139017	3.098578	3.115657
0.939999	3.179961	3.139016	3.156113
0.949999	3.221417	3.179960	3.197074
0.959999	3.263391	3.221417	3.238545
0.969999	3.305887	3.263390	3.280531
0.979999	3.348911	3.305886	3.323036
0.989999	3.392467	3.348910	3.366066
0.999999	3.436562	3.392466	3.409627
1.009999	3.481200	3.436561	3.453723
1.019999	3.526387	3.481199	3.498360
1.029999	3.572129	3.526387	3.543544
1.039999	3.618432	3.572129	3.589279
1.049999	3.665300	3.618431	3.635572
1.059999	3.712740	3.665299	3.682428
1.069999	3.760757	3.712739	3.729852
1.079999	3.809357	3.760756	3.777851
1.089999	3.858546	3.809356	3.826429
1.099999	3.908330	3.858545	3.875593
1.109999	3.958714	3.908329	3.925349
1.119999	4.009706	3.958713	3.975703
1.129999	4.061311	4.009705	4.026660
1.139999	4.113534	4.061309	4.078227
1.149999	4.166384	4.113533	4.130409
1.159999	4.219864	4.166382	4.183213
1.169999	4.273983	4.219862	4.236645
1.179999	4.328746	4.273981	4.290711
1.189999	4.384161	4.328744	4.345418
1.199999	4.440232	4.384158	4.400773
1.209999	4.496967	4.440229	4.456780
1.219999	4.554373	4.496965	4.513448
1.229999	4.612457	4.554371	4.570783
1.239999	4.671225	4.612454	4.628790
1.249999	4.730683	4.671222	4.687478
1.259999	4.790840	4.730681	4.746853
1.269999	4.851702	4.790838	4.806921
1.279999	4.913277	4.851700	4.867691
1.289999	4.975570	4.913274	4.929167
1.299999	5.038590	4.975568	4.991359
1.309999	5.102345	5.038588	5.054272
1.319999	5.166840	5.102342	5.117915
1.329999	5.232084	5.166837	5.182294
1.339999	5.298084	5.232081	5.247417
1.349999	5.364848	5.298081	5.313291
1.359999	5.432383	5.364845	5.379924
1.369999	5.500698	5.432380	5.447323
1.379999	5.569799	5.500695	5.515496
1.389999	5.639696	5.569797	5.584451
1.399999	5.710396	5.639693	5.654196
1.409999	5.781907	5.710393	5.724738
1.419999	5.854237	5.781904	5.796085
1.429999	5.927394	5.854234	5.868246
1.439999	6.001387	5.927391	5.941228
1.449999	6.076224	6.001384	6.015040
1.459999	6.151914	6.076221	6.089691
1.469999	6.228465	6.151911	6.165187
1.479999	6.305886	6.228462	6.241539
1.489999	6.384186	6.305883	6.318754
1.499999	6.463373	6.384182	6.396842
1.509999	6.543456	6.463369	6.475810
1.519999	6.624445	6.543453	6.555668
1.529999	6.706348	6.624442	6.636425
1.539999	6.789175	6.706345	6.718089
1.549999	6.872934	6.789171	6.800670
1.559999	6.957636	6.872931	6.884177
1.569999	7.043290	6.957633	6.968618
1.579999	7.129905	7.043287	7.054005
1.589999	7.217491	7.129901	7.140345
1.599999	7.306058	7.217488	7.227648
1.609999	7.395616	7.306055	7.315925
1.619999	7.486174	7.395612	7.405184
1.629999	7.577743	7.486170	7.495436
1.639999	7.670332	7.577738	7.586690
1.649999	7.763952	7.670328	7.678957
1.659999	7.858614	7.763948	7.772246
1.669999	7.954328	7.858610	7.866569
1.679999	8.051104	7.954324	7.961935
1.689999	8.148952	8.051100	8.058353
1.699999	8.247886	8.148949	8.155837
1.709999	8.347914	8.247882	8.254395
1.719999	8.449048	8.347910	8.354039
1.729999	8.551299	8.449044	8.454780
1.739999	8.654678	8.551294	8.556627
1.749999	8.759197	8.654674	8.659594
1.759999	8.864866	8.759192	8.763689
1.769999	8.971698	8.864861	8.868926
1.779999	9.079704	8.971692	8.975315
1.789999	9.188896	9.079699	9.082869
1.799999	9.299286	9.188890	9.191597
1.809999	9.410886	9.299280	9.301513
1.819999	9.523707	9.410879	9.412628
1.829999	9.637764	9.523702	9.524955
1.839999	9.753067	9.637757	9.638504
1.849999	9.869630	9.753060	9.753289
1.859999	9.987464	9.869622	9.869322
1.869999	10.106583	9.987456	9.986615
1.879999	10.226999	10.106576	10.105182
1.889999	10.348727	10.226993	10.225034
1.899999	10.471779	10.348720	10.346184
1.909999	10.596168	10.471771	10.468646
1.919999	10.721907	10.596159	10.592432
1.929999	10.849010	10.721898	10.717556
1.939999	10.977491	10.849002	10.844031
1.949998	11.107365	10.977483	10.971871
1.959998	11.238644	11.107355	11.101090
1.969998	11.371343	11.238634	11.231701
1.979998	11.505476	11.371333	11.363718
1.989998	11.641057	11.505466	11.497155
1.999998	11.778102	11.641047	11.632027
2.009999	11.916624	11.778090	11.768347
2.019999	12.056639	11.916615	11.906130
2.029999	12.198161	12.056629	12.045391
2.039999	12.341207	12.198152	12.186145
2.049999	12.485790	12.341197	12.328406
2.059999	12.631927	12.485781	12.472191
2.069999	12.779634	12.631918	12.617513
2.079998	12.928925	12.779624	12.764388
2.089998	13.079817	12.928915	12.912832
2.099998	13.232327	13.079807	13.062860
2.109998	13.386469	13.232316	13.214489
2.119998	13.542261	13.386458	13.367734
2.129998	13.699719	13.542251	13.522612
2.139998	13.858861	13.699709	13.679138
2.149998	14.019702	13.858850	13.837330
2.159998	14.182261	14.019691	13.997203
2.169998	14.346553	14.182249	14.158775
2.179998	14.512597	14.346541	14.322063
2.189998	14.680410	14.512586	14.487084
2.199998	14.850011	14.680399	14.653855
2.209998	15.021417	14.849999	14.822393
2.219998	15.194646	15.021404	14.992718
2.229998	15.369716	15.194633	15.164845
2.239998	15.546646	15.369703	15.338793
2.249998	15.725455	15.546633	15.514581
2.259998	15.906162	15.725442	15.692226
2.269998	16.088785	15.906148	15.871749
2.279998	16.273344	16.088770	16.053165
2.289998	16.459858	16.273329	16.236498
2.299998	16.648348	16.459843	16.421762
2.309998	16.838833	16.648333	16.608980
2.319998	17.031332	16.838816	16.798170
2.329998	17.225866	17.031315	16.989351
2.339998	17.422457	17.225849	17.182545
2.349998	17.621122	17.422438	17.377769
2.359998	17.821886	17.621103	17.575047
2.369998	18.024767	17.821867	17.774397
2.379998	18.229788	18.024748	17.975842
2.389998	18.436970	18.229769	18.179399
2.399998	18.646334	18.436951	18.385094
2.409998	18.857903	18.646315	18.592945
2.419998	19.071699	18.857883	18.802975
2.429998	19.287745	19.071680	19.015205
2.439998	19.506062	19.287724	19.229658
2.449998	19.726673	19.506041	19.446354
2.459998	19.949602	19.726652	19.665318
2.469998	20.174873	19.949581	19.886570
2.479998	20.402508	20.174850	20.110136
2.489998	20.632530	20.402485	20.336037
2.499998	20.864965	20.632509	20.564297
2.509998	21.099838	20.864943	20.794939
2.519998	21.337172	21.099815	21.027988
2.529998	21.576990	21.337147	21.263468
2.539998	21.819319	21.576965	21.501402
2.549998	22.064184	21.819294	21.741816
2.559998	22.311611	22.064159	21.984734
2.569998	22.561625	22.311586	22.230181
2.579998	22.814251	22.561600	22.478182
2.589998	23.069517	22.814226	22.728764
2.599998	23.327450	23.069492	22.981951
2.609998	23.588076	23.327425	23.237770
2.619998	23.851421	23.588049	23.496248
2.629998	24.117514	23.851393	23.757410
2.639998	24.386381	24.117485	24.021284
2.649998	24.658051	24.386353	24.287897
2.659998	24.932550	24.658022	24.557276
2.669998	25.209909	24.932522	24.829449
2.679998	25.490158	25.209881	25.104443
2.689998	25.773323	25.490128	25.382286
2.699998	26.059435	25.773293	25.663010
2.709998	26.348522	26.059402	25.946640
2.719998	26.640615	26.348490	26.233206
2.729998	26.935745	26.640583	26.522738
2.739998	27.233940	26.935711	26.815266
2.749998	27.535233	27.233906	27.110819
2.759998	27.839655	27.535198	27.409428
2.769998	28.147236	27.839621	27.711123
2.779998	28.458010	28.147202	28.015934
2.789998	28.772007	28.457973	28.323893
2.799998	29.089260	28.771971	28.635031
2.809998	29.409803	29.089224	28.949381
2.819998	29.733667	29.409765	29.266975
2.829998	30.060886	29.733629	29.587845
2.839998	30.391495	30.060848	29.912024
2.849998	30.725527	30.391457	30.239544
2.859998	31.063017	30.725489	30.570438
2.869998	31.403999	31.062977	30.904743
2.879998	31.748508	31.403959	31.242491
2.889998	32.096581	31.748468	31.583715
2.899998	32.448250	32.096539	31.928453
2.909998	32.803555	32.448212	32.276737
2.919998	33.162533	32.803516	32.628605
2.929998	33.525219	33.162491	32.984093
2.939998	33.891651	33.525177	33.343235
2.949998	34.261864	33.891605	33.706066
2.959998	34.635899	34.261822	34.072628
2.969998	35.013794	34.635857	34.442955
2.979998	35.395588	35.013748	34.817085
2.989998	35.781319	35.395542	35.195057
2.999998	36.171028	35.781273	35.576908
3.009998	36.564754	36.170982	35.962677
3.019998	36.962536	36.564705	36.352406
3.029998	37.364418	36.962486	36.746128
3.039998	37.770439	37.364368	37.143890
3.049998	38.180641	37.770386	37.545731
3.059998	38.595066	38.180588	37.951687
3.069998	39.013756	38.595013	38.361805
3.079998	39.436756	39.013702	38.776123
3.089998	39.864105	39.436699	39.194683
3.099998	40.295853	39.864048	39.617531
3.109998	40.732037	40.295795	40.044704
3.119998	41.172707	40.731979	40.476250
3.129997	41.617905	41.172649	40.912212
3.139997	42.067680	41.617847	41.352634
3.149997	42.522076	42.067619	41.797562
3.159997	42.981136	42.522015	42.247036
3.169997	43.444912	42.981075	42.701107
3.179997	43.913448	43.444851	43.159817
3.189997	44.386795	43.913387	43.623215
3.199997	44.865002	44.386734	44.091347
3.209997	45.348114	44.864937	44.564259
3.219997	45.836182	45.348045	45.042000
3.229997	46.329254	45.836113	45.524620
3.239997	46.827385	46.329185	46.012165
3.249997	47.330620	46.827312	46.504688
3.259997	47.839012	47.330547	47.002235
3.269997	48.352615	47.838940	47.504856
3.279997	48.871483	48.352543	48.012604
3.289997	49.395664	48.871407	48.525528
3.299997	49.925213	49.395588	49.043682
3.309997	50.460186	49.925137	49.567120
3.319997	51.000637	50.460106	50.095890
3.329997	51.546619	51.000553	50.630051
3.339997	52.098190	51.546535	51.169651
3.349997	52.655403	52.098103	51.714748
3.359997	53.218315	52.655315	52.265396
3.369997	53.786987	53.218227	52.821651
3.379997	54.361473	53.786900	53.383568
3.389997	54.941833	54.361385	53.951202
3.399997	55.528130	54.941742	54.524612
3.409997	56.120419	55.528038	55.103859
3.419997	56.718758	56.120323	55.688999
3.429997	57.323212	56.718662	56.280090
3.439997	57.933842	57.323116	56.877190
3.449997	58.550709	57.933743	57.480362
3.459997	59.173878	58.550610	58.089664
3.469997	59.803410	59.173775	58.705162
3.479997	60.439369	59.803307	59.326912
3.489997	61.081821	60.439262	59.954983
3.499997	61.730827	61.081711	60.589432
3.509997	62.386459	61.730717	61.230328
3.519997	63.048779	62.386345	61.877731
3.529997	63.717857	63.048664	62.531708
3.539997	64.393761	63.717739	63.192326
3.549997	65.076553	64.393639	63.859650
3.559997	65.766312	65.076439	64.533745
3.569997	66.463104	65.766190	65.214684
3.579997	67.167000	66.462982	65.902527
3.589997	67.878067	67.166870	66.597351
3.599997	68.596382	67.877945	67.299225
3.609997	69.322021	68.596252	68.008217
3.619997	70.055054	69.321892	68.724396
3.629997	70.795547	70.054916	69.447838
3.639997	71.543587	70.795410	70.178619
3.649997	72.299248	71.543449	70.916809
3.659997	73.062599	72.299103	71.662476
3.669997	73.833725	73.062454	72.415703
3.679997	74.612701	73.833580	73.176559
3.689997	75.399605	74.612549	73.945122
3.699997	76.194519	75.399452	74.721474
3.709997	76.997520	76.194366	75.505692
3.719997	77.808693	76.997368	76.297852
3.729997	78.628120	77.808540	77.098030
3.739997	79.455887	78.627960	77.906311
3.749997	80.292068	79.455727	78.722771
3.759997	81.136757	80.291901	79.547501
3.769997	81.990036	81.136589	80.380577
3.779997	82.851990	81.989861	81.222084
3.789997	83.722702	82.851814	82.072105
3.799997	84.602272	83.722527	82.930725
3.809997	85.490776	84.602089	83.798035
3.819997	86.388313	85.490593	84.674118
3.829997	87.294975	86.388130	85.559059
3.839997	88.210846	87.294785	86.452950
3.849997	89.136024	88.210655	87.355881
3.859997	90.070602	89.135826	88.267937
3.869997	91.014671	90.070404	89.189217
3.879997	91.968330	91.014465	90.119812
3.889997	92.931671	91.968124	91.059807
3.899997	93.904793	92.931458	92.009308
3.909997	94.887794	93.904579	92.968399
3.919997	95.880775	94.887581	93.937180
3.929997	96.883842	95.880562	94.915749
3.939997	97.897087	96.883629	95.904205
3.949997	98.920616	97.896866	96.902649
3.959997	99.954536	98.920395	97.911179
3.969997	100.998947	99.954308	98.929893
3.979997	102.053955	100.998711	99.958893
3.989997	103.119667	102.053719	100.998283
3.999997	104.196190	103.119423	102.048164
4.009997	105.283630	104.195938	103.108643
4.019997	106.382103	105.283401	104.179832
4.029997	107.491714	106.381897	105.261833
4.039998	108.612579	107.491524	106.354752
4.049998	109.744804	108.612411	107.458702
4.059998	110.888512	109.744667	108.573792
4.069998	112.043816	110.888397	109.700127
4.079998	113.210831	112.043724	110.837830
4.089999	114.389671	113.210762	111.987007
4.099999	115.580460	114.389633	113.147774
4.109999	116.783318	115.580452	114.320251
4.119999	117.998367	116.783333	115.504555
4.130000	119.225731	117.998413	116.700798
4.140000	120.465530	119.225800	117.909103
4.150000	121.717888	120.465630	119.129593
4.160000	122.982933	121.718010	120.362389
4.170001	124.260788	122.983086	121.607613
4.180001	125.551590	124.260979	122.865387
4.190001	126.855461	125.551811	124.135841
4.200001	128.172546	126.855713	125.419098
4.210001	129.502960	128.172821	126.715286
4.220002	130.846848	129.503281	128.024536
4.230002	132.204346	130.847198	129.346985
4.240002	133.575577	132.204727	130.682755
4.250002	134.960693	133.576004	132.031982
4.260003	136.359833	134.961151	133.394806
4.270003	137.773132	136.360336	134.771347
4.280003	139.200745	137.773682	136.161758
4.290003	140.642807	139.201324	137.566177
4.300004	142.099457	140.643417	138.984741
4.310004	143.570847	142.100098	140.417587
4.320004	145.057129	143.571533	141.864868
4.330004	146.558441	145.057846	143.326721
4.340004	148.074951	146.559204	144.803284
4.350005	149.606796	148.075760	146.294724
4.360005	151.154144	149.607651	147.801178
4.370005	152.717133	151.155029	149.322784
4.380005	154.295929	152.718063	150.859711
4.390006	155.890701	154.296921	152.412109
4.400006	157.501602	155.891739	153.980133
4.410006	159.128784	157.502686	155.563934
4.420006	160.772430	159.129913	157.163681
4.430007	162.432693	160.773605	158.779510
4.440007	164.109741	162.433914	160.411606
4.450007	165.803741	164.111023	162.060120
4.460007	167.514877	165.805069	163.725220
4.470007	169.243301	167.516251	165.407074
4.480008	170.989197	169.244736	167.105850
4.490008	172.752747	170.990692	168.821716
4.500008	174.534119	172.754288	170.554840
4.510008	176.333496	174.535721	172.305389
4.520009	178.151047	176.335144	174.073547
4.530009	179.986969	178.152756	175.859482
4.540009	181.841446	179.988739	177.663376
4.550009	183.714661	181.843277	179.485413
4.560009	185.606796	183.716553	181.325760
4.570010	187.518051	185.608765	183.184616
4.580010	189.448624	187.520081	185.062164
4.590010	191.398697	189.450714	186.958588
4.600010	193.368469	191.400848	188.874069
4.610011	195.358139	193.370682	190.808807
4.620011	197.367905	195.360428	192.763000
4.630011	199.397964	197.370255	194.736832
4.640011	201.448532	199.400391	196.730499
4.650012	203.519806	201.451019	198.744202
4.660012	205.612000	203.522369	200.778137
4.670012	207.725311	205.614639	202.832520
4.680012	209.859970	207.728027	204.907547
4.690012	212.016190	209.862762	207.003418
4.700013	214.194168	212.019058	209.120346
4.710013	216.394135	214.197128	211.258545
4.720013	218.616318	216.397171	213.418228
4.730013	220.860931	218.619446	215.599609
4.740014	223.128204	220.864136	217.802902
4.750014	225.418365	223.131500	220.028336
4.760014	227.731644	225.421753	222.276123
4.770014	230.068268	227.735123	224.546478
4.780015	232.428482	230.071838	226.839645
4.790015	234.812515	232.432144	229.155838
4.800015	237.220612	234.816269	231.495300
4.810015	239.653015	237.224457	233.858246
4.820015	242.109955	239.656952	236.244934
4.830016	244.591690	242.113998	238.655579
4.840016	247.098465	244.595825	241.090439
4.850016	249.630539	247.102707	243.549744
4.860016	252.188156	249.634888	246.033737
4.870017	254.771576	252.192612	248.542679
4.880017	257.381073	254.776138	251.076813
4.890017	260.016876	257.385742	253.636383
4.900017	262.679291	260.021667	256.221649
4.910017	265.368561	262.684174	258.832855
4.920018	268.084961	265.373566	261.470276
4.930018	270.828766	268.090057	264.134186
4.940018	273.600250	270.833984	266.824829
4.950018	276.399689	273.605560	269.542480
4.960019	279.227356	276.405121	272.287415
4.970019	282.083527	279.232880	275.059875
4.980019	284.968506	282.089203	277.860168
4.990019	287.882599	284.974304	280.688568
5.000020	290.826080	287.888519	283.545349
