0.113675	0.302530	0.294303	0.010000
0.136494	0.421367	0.288894	0.020000
0.169517	0.565830	0.283878	0.030000
0.214643	0.746542	0.279440	0.040000
0.274693	0.976283	0.275890	0.050000
0.353564	1.270939	0.273756	0.060000
0.456468	1.650639	0.273921	0.070000
0.590271	2.141139	0.277870	0.080000
0.763936	2.775575	0.288098	0.090000
0.989126	3.596683	0.308791	0.100000
1.280969	4.659614	0.346972	0.110000
1.659061	6.035497	0.414423	0.120000
2.148746	7.815880	0.530890	0.130000
2.782733	10.118114	0.729449	0.140000
3.603117	13.091567	1.065416	0.150000
4.663809	16.923998	1.631069	0.160000
6.033295	21.846264	2.579721	0.170000
7.797360	28.130873	4.164300	0.180000
10.060837	36.074387	6.797130	0.190000
12.946136	45.942871	11.136772	0.200000
16.583839	57.840572	18.198196	0.210000
21.086172	71.435745	29.448267	0.220000
26.488049	85.465912	46.759281	0.230000
32.636959	97.033127	71.923767	0.240000
39.029274	101.080734	105.281494	0.250000
44.659321	91.230392	143.385254	0.260000
48.076107	63.465336	177.389755	0.270000
47.876484	21.438688	195.941360	0.280000
43.504044	-22.908016	193.248947	0.290000
35.667236	-57.206936	174.282532	0.300000
25.889517	-76.918808	150.148987	0.310000
15.651259	-85.124161	129.903778	0.320000
5.882381	-87.116356	117.485260	0.330000
-3.027203	-86.590012	113.329956	0.340000
-10.979653	-84.808281	116.526978	0.350000
-17.927782	-81.150627	125.733513	0.360000
-23.723753	-73.977432	139.091187	0.370000
-28.071585	-61.658981	153.871750	0.380000
-30.590017	-43.747139	166.569061	0.390000
-30.971869	-21.810005	173.866776	0.400000
-29.165705	0.844597	174.108414	0.410000
-25.461075	20.656134	168.105606	0.420000
-20.411146	35.420471	158.506500	0.430000
-14.649783	44.815670	148.306625	0.440000
-8.724930	49.792625	139.695526	0.450000
-3.023266	51.644848	133.750763	0.460000
2.220358	51.397079	130.685623	0.470000
6.873457	49.618134	130.201462	0.480000
10.854742	46.497086	131.727173	0.490000
14.099869	42.023239	134.538177	0.500000
16.548555	36.179420	137.826096	0.510000
18.150146	29.097176	140.782761	0.520000
18.880520	21.133413	142.719574	0.530000
18.760557	12.843444	143.193924	0.540000
17.866362	4.862754	142.086151	0.550000
16.325378	-2.246865	139.585098	0.560000
14.299264	-8.116120	136.087723	0.570000
11.960122	-12.608534	132.061890	0.580000
9.468306	-15.785934	127.929321	0.590000
6.957445	-17.834665	124.000610	0.600000
4.528173	-18.990564	120.461647	0.610000
2.248858	-19.484715	117.392746	0.620000
0.160430	-19.514439	114.799934	0.630000
-1.717302	-19.233997	112.644890	0.640000
-3.379557	-18.756916	110.867744	0.650000
-4.831516	-18.163364	109.402077	0.660000
-6.084509	-17.508553	108.183632	0.670000
-7.153339	-16.830151	107.154724	0.680000
-8.054504	-16.154074	106.266029	0.690000
-8.805084	-15.498625	105.476929	0.700000
-9.422070	-14.877251	104.755081	0.710000
-9.921978	-14.300270	104.075661	0.720000
-10.320643	-13.775867	103.420464	0.730000
-10.633100	-13.310620	102.776985	0.740000
-10.873512	-12.909740	102.137520	0.750000
-11.055136	-12.577179	101.498344	0.760000
-11.190284	-12.315663	100.858932	0.770000
-11.290301	-12.126738	100.221275	0.780000
-11.365546	-12.010820	99.589302	0.790000
-11.425381	-11.967282	98.968384	0.800000
-11.478169	-11.994545	98.364929	0.810000
-11.531287	-12.090185	97.786079	0.820000
-11.591139	-12.251023	97.239456	0.830000
-11.663181	-12.473199	96.732986	0.839999
-11.751951	-12.752205	96.274773	0.849999
-11.861092	-13.082891	95.872978	0.859999
-11.993374	-13.459415	95.535698	0.869999
-12.150712	-13.875173	95.270874	0.879999
-12.334168	-14.322675	95.086113	0.889999
-12.543944	-14.793426	94.988518	0.899999
-12.779360	-15.277782	94.984406	0.909999
-13.038826	-15.764846	95.079018	0.919999
-13.319806	-16.242392	95.276108	0.929999
-13.618780	-16.696884	95.577477	0.939999
-13.931219	-17.113611	95.982468	0.949999
-14.251579	-17.476973	96.487434	0.959999
-14.573331	-17.770939	97.085213	0.969999
-14.889040	-17.979734	97.764717	0.979999
-15.190512	-18.088697	98.510658	0.989999
-15.469014	-18.085318	99.303558	0.999999
-15.715579	-17.960354	100.120056	1.009999
-15.921385	-17.708935	100.933632	1.019999
-16.078199	-17.331503	101.715714	1.029999
-16.178862	-16.834433	102.437134	1.039999
-16.217758	-16.230211	103.069839	1.049999
-16.191248	-15.537066	103.588654	1.059999
-16.097986	-14.778044	103.972923	1.069999
-15.939119	-13.979610	104.207825	1.079999
-15.718297	-13.169912	104.285118	1.089999
-15.441521	-12.376934	104.203377	1.099999
-15.116833	-11.626767	103.967583	1.109999
-14.753879	-10.942194	103.588234	1.119999
-14.363395	-10.341718	103.080162	1.129999
-13.956671	-9.839094	102.461151	1.139999
-13.545039	-9.443333	101.750648	1.149999
-13.139432	-9.159089	100.968620	1.159999
-12.750026	-8.987323	100.134666	1.169999
-12.385990	-8.926086	99.267410	1.179999
-12.055342	-8.971352	98.384216	1.189999
-11.764884	-9.117764	97.501068	1.199999
-11.520223	-9.359279	96.632683	1.209999
-11.325836	-9.689647	95.792702	1.219999
-11.185178	-10.102731	94.993980	1.229999
-11.100789	-10.592658	94.248886	1.239999
-11.074418	-11.153828	93.569603	1.249999
-11.107112	-11.780775	92.968361	1.259999
-11.199289	-12.467909	92.457657	1.269999
-11.350777	-13.209145	92.050385	1.279999
-11.560794	-13.997432	91.759842	1.289999
-11.827901	-14.824199	91.599632	1.299999
-12.149892	-15.678744	91.583397	1.309999
-12.523634	-16.547594	91.724350	1.319999
-12.944869	-17.413885	92.034569	1.329999
-13.407973	-18.256855	92.524010	1.339999
-13.905700	-19.051531	93.199242	1.349999
-14.428931	-19.768772	94.061890	1.359999
-14.966477	-20.375805	95.106895	1.369999
-15.504972	-20.837420	96.320709	1.379999
-16.028919	-21.117949	97.679680	1.389999
-16.520971	-21.184052	99.148987	1.399999
-16.962461	-21.008183	100.682495	1.409999
-17.334242	-20.572424	102.223907	1.419999
-17.617805	-19.872126	103.709503	1.429999
-17.796616	-18.918661	105.072365	1.439999
-17.857510	-17.740597	106.247841	1.449999
-17.791996	-16.382713	107.179436	1.459999
-17.597240	-14.902775	107.824158	1.469999
-17.276571	-13.366396	108.156372	1.479999
-16.839386	-11.840837	108.169426	1.489999
-16.300478	-10.388815	107.874794	1.499999
-15.678866	-9.063387	107.299080	1.509999
-14.996321	-7.904629	106.479637	1.519999
-14.275790	-6.938385	105.459686	1.529999
-13.539946	-6.176897	104.283813	1.539999
-12.809976	-5.620821	102.994431	1.549999
-12.104729	-5.262001	101.629463	1.559999
-11.440212	-5.086444	100.221207	1.569999
-10.829420	-5.077059	98.796158	1.579999
-10.282414	-5.215921	97.375542	1.589999
-9.806602	-5.485960	95.976204	1.599999
-9.407119	-5.872097	94.611671	1.609999
-9.087264	-6.361899	93.293236	1.619999
-8.848946	-6.945852	92.030914	1.629999
-8.693094	-7.617345	90.834343	1.639999
-8.620027	-8.372447	89.713509	1.649999
-8.629745	-9.209521	88.679382	1.659999
-8.722174	-10.128721	87.744492	1.669999
-8.897304	-11.131352	86.923424	1.679999
-9.155275	-12.219110	86.233269	1.689999
-9.496359	-13.393148	85.694038	1.699999
-9.920849	-14.652931	85.328941	1.709999
-10.428842	-15.994842	85.164551	1.719999
-11.019892	-17.410475	85.230682	1.729999
-11.692525	-18.884615	85.559830	1.739999
-12.443591	-20.392942	86.185974	1.749999
-13.267453	-21.899584	87.142456	1.759999
-14.155021	-23.354826	88.458649	1.769999
-15.092685	-24.693508	90.155151	1.779999
-16.061253	-25.834852	92.237473	1.789999
-17.035061	-26.684755	94.688522	1.799999
-17.981539	-27.141594	97.460823	1.809999
-18.861534	-27.106318	100.470131	1.819999
-19.630751	-26.496700	103.592911	1.829999
-20.242540	-25.264189	106.670311	1.839999
-20.652020	-23.409912	109.520523	1.849999
-20.821133	-20.995142	111.959320	1.859999
-20.723837	-18.141565	113.825630	1.869999
-20.350304	-15.018984	115.006111	1.879999
-19.709074	-11.822080	115.451851	1.889999
-18.826530	-8.741846	115.182289	1.899999
-17.743738	-5.939296	114.275574	1.909999
-16.511391	-3.527888	112.849144	1.919999
-15.184034	-1.567545	111.036797	1.929999
-13.814703	-0.069158	108.968338	1.939999
-12.450795	0.994180	106.755600	1.949998
-11.131540	1.673574	104.485664	1.959998
-9.886980	2.031729	102.220146	1.969998
-8.738148	2.133201	99.998299	1.979998
-7.698029	2.037961	97.841904	1.989998
-6.772928	1.797858	95.760361	1.999998
-5.963952	1.455252	93.755135	2.009999
-5.268421	1.043023	91.823174	2.019999
-4.681116	0.585363	89.959335	2.029999
-4.195307	0.098899	88.157951	2.039999
-3.803579	-0.406106	86.413765	2.049999
-3.498459	-0.924638	84.722397	2.059999
-3.272887	-1.455968	83.080582	2.069999
-3.120556	-2.002872	81.486221	2.079998
-3.036151	-2.571032	79.938408	2.089998
-3.015511	-3.168600	78.437424	2.099998
-3.055749	-3.805923	76.984802	2.109998
-3.155329	-4.495392	75.583427	2.119998
-3.314134	-5.251403	74.237778	2.129998
-3.533520	-6.090401	72.954262	2.139998
-3.816380	-7.030983	71.741722	2.149998
-4.167202	-8.094007	70.612144	2.159998
-4.592141	-9.302670	69.581596	2.169998
-5.099080	-10.682444	68.671501	2.179998
-5.697671	-12.260763	67.910301	2.189998
-6.399326	-14.066256	67.335571	2.199998
-7.217106	-16.127207	66.996651	2.209998
-8.165424	-18.468843	66.957756	2.219998
-9.259453	-21.108803	67.301430	2.229998
-10.514046	-24.049984	68.131775	2.239998
-11.941942	-27.269852	69.576469	2.249998
-13.550939	-30.705330	71.785614	2.259998
-15.339694	-34.233097	74.924118	2.269998
-17.291910	-37.646935	79.153008	2.279998
-19.368956	-40.637398	84.594101	2.289998
-21.501711	-42.784878	91.274147	2.299998
-23.583694	-43.583691	99.051575	2.309998
-25.469149	-42.516983	107.543915	2.319998
-26.980925	-39.190884	116.094147	2.329998
-27.932154	-33.503525	123.825882	2.339998
-28.161057	-25.778807	129.816696	2.349998
-27.570448	-16.772785	133.354019	2.359998
-26.156912	-7.505360	134.162674	2.369998
-24.015707	1.025347	132.479324	2.379998
-21.318022	8.106238	128.932938	2.389998
-18.270664	13.429590	124.308723	2.399998
-15.074878	17.050924	119.324249	2.409998
-11.897355	19.253452	114.502678	2.419998
-8.857642	20.405188	110.150391	2.429998
-6.028820	20.858881	106.398743	2.439998
-3.445605	20.903080	103.265450	2.449998
-1.114788	20.750330	100.708534	2.459998
0.975063	20.544846	98.663536	2.469998
2.845867	20.376888	97.065025	2.479998
4.524441	20.297037	95.856842	2.489998
6.038695	20.327684	94.995399	2.499998
7.415177	20.471352	94.449318	2.509998
8.677534	20.716261	94.197235	2.519998
9.845564	21.039925	94.224869	2.529998
10.934661	21.411428	94.521812	2.539998
11.955491	21.793034	95.078278	2.549998
12.913850	22.141586	95.881821	2.559998
13.810676	22.410177	96.914215	2.569998
14.642240	22.550383	98.148636	2.579998
15.400570	22.515282	99.547432	2.589998
16.074154	22.263300	101.060936	2.599998
16.648968	21.762636	102.627724	2.609998
17.109842	20.995764	104.176765	2.619998
17.442095	19.963224	105.631516	2.629998
17.633326	18.685839	106.915749	2.639998
17.675142	17.204529	107.960381	2.649998
17.564600	15.577389	108.710136	2.659998
17.305115	13.874207	109.128799	2.669998
16.906693	12.169305	109.202003	2.679998
16.385418	10.533966	108.937012	2.689998
15.762308	9.029852	108.359764	2.699998
15.061720	7.704420	107.509888	2.709998
14.309569	6.588852	106.434914	2.719998
13.531626	5.698373	105.184731	2.729998
12.752074	5.034383	103.807121	2.739998
11.992467	4.587661	102.344757	2.749998
11.271100	4.341887	100.833687	2.759998
10.602781	4.276930	99.303040	2.769998
9.998912	4.371583	97.775589	2.779998
9.467795	4.605604	96.268799	2.789998
9.015086	4.961078	94.796082	2.799998
8.644301	5.423216	93.368050	2.809998
8.357341	5.980698	91.993645	2.819998
8.154977	6.625686	90.681145	2.829998
8.037291	7.353620	89.438965	2.839998
8.004037	8.162850	88.276382	2.849998
8.054937	9.054159	87.204117	2.859998
8.189893	10.030193	86.234924	2.869998
8.409119	11.094782	85.384087	2.879998
8.713197	12.252122	84.669945	2.889998
9.103035	13.505779	84.114372	2.899998
9.579727	14.857439	83.743210	2.909998
10.144293	16.305328	83.586525	2.919998
10.797272	17.842247	83.678635	2.929998
11.538158	19.453144	84.057617	2.939998
12.364633	21.112284	84.764107	2.949998
13.271582	22.780102	85.838921	2.959998
14.249916	24.400137	87.319153	2.969998
15.285228	25.896656	89.232361	2.979998
16.356415	27.174002	91.588646	2.989998
17.434488	28.119038	94.370949	2.999998
18.481916	28.608231	97.524773	3.009998
19.452940	28.520536	100.949539	3.019998
20.295330	27.756062	104.495056	3.029998
20.953939	26.258291	107.966850	3.039998
21.376015	24.035046	111.143005	3.049998
21.517717	21.171314	113.802155	3.059998
21.350683	17.827549	115.757553	3.069998
20.867083	14.220624	116.888420	3.079998
20.081772	10.590801	117.158821	3.089998
19.030802	7.163655	116.618095	3.099998
17.766624	4.117856	115.383461	3.109998
16.351194	1.566811	113.611549	3.119998
14.848641	-0.443628	111.468300	3.129997
13.318957	-1.924722	109.104935	3.139997
11.813592	-2.927767	106.643799	3.149997
10.373165	-3.526215	104.173706	3.159997
9.027002	-3.800822	101.752213	3.169997
7.793954	-3.829316	99.411545	3.179997
6.683951	-3.680441	97.165565	3.189997
5.699839	-3.411376	95.016205	3.199997
4.839185	-3.067413	92.958488	3.209997
4.095895	-2.682893	90.984154	3.219997
3.461553	-2.282722	89.083977	3.229997
2.926483	-1.884041	87.249123	3.239997
2.480548	-1.497801	85.471802	3.249997
2.113736	-1.130145	83.745514	3.259997
1.816554	-0.783564	82.065041	3.269997
1.580299	-0.457817	80.426308	3.279997
1.397208	-0.150653	78.826187	3.289997
1.260542	0.141653	77.262337	3.299997
1.164610	0.423914	75.733017	3.309997
1.104764	0.701773	74.236992	3.319997
1.077372	0.981555	72.773407	3.329997
1.079782	1.270216	71.341759	3.339997
1.110291	1.575358	69.941856	3.349997
1.168117	1.905324	68.573845	3.359997
1.253389	2.269352	67.238251	3.369997
1.367155	2.677789	65.936050	3.379997
1.511408	3.142362	64.668839	3.389997
1.689144	3.676506	63.439011	3.399997
1.904443	4.295762	62.250053	3.409997
2.162586	5.018223	61.106956	3.419997
2.470205	5.865045	60.016781	3.429997
2.835468	6.861005	58.989471	3.439997
3.268305	8.035069	58.038960	3.449997
3.780660	9.420920	57.184734	3.459997
4.386769	11.057330	56.453991	3.469997
5.103429	12.988173	55.884605	3.479997
5.950220	15.261727	55.529114	3.489997
6.949586	17.928675	55.460026	3.499997
8.126637	21.037857	55.776550	3.509997
9.508410	24.628292	56.612656	3.519997
11.122222	28.715324	58.145645	3.529997
12.992502	33.268070	60.602924	3.539997
15.135313	38.175220	64.262047	3.549997
17.549578	43.197815	69.434814	3.559997
20.204216	47.913326	76.420959	3.569997
23.021360	51.668365	85.413811	3.579997
25.858320	53.578854	96.347893	3.589997
28.495359	52.638344	108.710274	3.599997
30.641518	47.988411	121.400993	3.609997
31.971891	39.325546	132.793106	3.619997
32.199871	27.263149	141.117584	3.629997
31.164755	13.357245	145.098969	3.639997
28.893204	-0.358855	144.495331	3.649997
25.597033	-12.112797	140.162521	3.659997
21.606127	-20.942623	133.603195	3.669997
17.274111	-26.773840	126.343697	3.679997
12.902018	-30.124313	119.512878	3.689997
8.702268	-31.723169	113.737427	3.699997
4.798470	-32.242954	109.244926	3.709997
1.244645	-32.183727	106.024139	3.719997
-1.950753	-31.860361	103.954819	3.729997
-4.803932	-31.435352	102.884880	3.739997
-7.340506	-30.961277	102.664795	3.749997
-9.585593	-30.418198	103.155731	3.759997
-11.558134	-29.743242	104.224976	3.769997
-13.268337	-28.854191	105.737198	3.779997
-14.717483	-27.669466	107.547058	3.789997
-15.899564	-26.125807	109.496315	3.799997
-16.804369	-24.193220	111.417404	3.809997
-17.421522	-21.885353	113.143547	3.819997
-17.744865	-19.262909	114.523811	3.829997
-17.776400	-16.428453	115.439545	3.839997
-17.529005	-13.512937	115.817673	3.849997
-17.027363	-10.656740	115.637001	3.859997
-16.306917	-7.989761	114.925591	3.869997
-15.411153	-5.615252	113.750267	3.879997
-14.387856	-3.600565	112.201477	3.889997
-13.285161	-1.975536	110.377541	3.899997
-12.148079	-0.737111	108.371651	3.909997
-11.015971	0.142402	106.263390	3.919997
-9.921103	0.706058	104.114891	3.929997
-8.888197	1.003909	101.970718	3.939997
-7.934754	1.086552	99.860046	3.949997
-7.071881	1.000801	97.799942	3.959997
-6.305371	0.787245	95.798729	3.969997
-5.636860	0.479214	93.858986	3.979997
-5.064925	0.102706	91.979904	3.989997
-4.586067	-0.323138	90.158989	3.999997
-4.195537	-0.785282	88.393227	4.009997
-3.888005	-1.275974	86.679794	4.019997
-3.658097	-1.791943	85.016502	4.029997
-3.500794	-2.333706	83.402008	4.039998
-3.411743	-2.904993	81.835983	4.049998
-3.387477	-3.512299	80.319206	4.059998
-3.425588	-4.164575	78.853683	4.069998
-3.524848	-4.873020	77.442825	4.079998
-3.685308	-5.650980	76.091705	4.089999
-3.908383	-6.513917	74.807434	4.099999
-4.196918	-7.479417	73.599693	4.109999
-4.555263	-8.567200	72.481445	4.119999
-4.989322	-9.799064	71.469879	4.130000
-5.506607	-11.198671	70.587677	4.140000
-6.116233	-12.791039	69.864616	4.150000
-6.828865	-14.601531	69.339569	4.160000
-7.656529	-16.654043	69.062920	4.170001
-8.612226	-18.967972	69.099297	4.180001
-9.709222	-21.553394	69.530388	4.190001
-10.959846	-24.403755	70.457230	4.200001
-12.373576	-27.485331	72.000809	4.210001
-13.954143	-30.722986	74.299034	4.220002
-15.695408	-33.982582	77.496994	4.230002
-17.575890	-37.052353	81.726486	4.240002
-19.552170	-39.628975	87.070648	4.250002
-21.552162	-41.319012	93.512138	4.260003
-23.470316	-41.670696	100.870605	4.270003
-25.168097	-40.250233	108.748520	4.280003
-26.483635	-36.763393	116.519302	4.290003
-27.253059	-31.193996	123.395630	4.300004
-27.341570	-23.897297	128.591339	4.310004
-26.676094	-15.578778	131.535568	4.320004
-25.267036	-7.134716	132.045074	4.330004
-23.208942	0.586909	130.363495	4.340004
-20.658955	6.993105	127.048775	4.350005
-17.802174	11.833146	122.777061	4.360005
-14.817310	15.158525	118.162895	4.370005
-11.852696	17.211599	113.658043	4.380005
-9.015717	18.309145	109.532951	4.390006
-6.373143	18.759480	105.909561	4.400006
-3.957715	18.820202	102.811043	4.410006
-1.776852	18.686302	100.206650	4.420006
0.179065	18.494963	98.043716	4.430007
1.929953	18.336725	96.266968	4.440007
3.501044	18.267210	94.828331	4.450007
4.919432	18.316910	93.690811	4.460007
6.211788	18.498432	92.828972	4.470007
7.402891	18.811426	92.227776	4.480008
8.514699	19.245647	91.880676	4.490008
9.565744	19.782696	91.787399	4.500008
10.570718	20.396832	91.951591	4.510008
11.540144	21.055269	92.378273	4.520009
12.480110	21.718302	93.071075	4.530009
13.392039	22.339615	94.029190	4.540009
14.272536	22.867163	95.244080	4.550009
15.113365	23.244980	96.696144	4.560009
15.901658	23.416229	98.351646	4.570010
16.620449	23.327633	100.160568	4.580010
17.249628	22.935125	102.056038	4.590010
17.767389	22.210176	103.956093	4.600010
18.152128	21.145739	105.768227	4.610011
18.384665	19.760511	107.396667	4.620011
18.450550	18.100151	108.751617	4.630011
18.342110	16.234543	109.758904	4.640011
18.059860	14.251123	110.368103	4.650012
17.613029	12.245278	110.557388	4.660012
17.019049	10.309689	110.334045	4.670012
16.302113	8.524772	109.730721	4.680012
15.491062	6.951939	108.798607	4.690012
14.616971	5.630534	107.599205	4.700013
13.710824	4.578306	106.196472	4.710013
12.801569	3.794559	104.650620	4.720013
11.914727	3.264767	103.014076	4.730013
11.071598	2.965546	101.329674	4.740014
10.288998	2.869165	99.630524	4.750014
9.579426	2.947157	97.941071	4.760014
8.951516	3.172890	96.278717	4.770014
8.410653	3.523199	94.655617	4.780015
7.959655	3.979242	93.080376	4.790015
7.599449	4.526793	91.559494	4.800015
7.329691	5.156165	90.098541	4.810015
7.149315	5.861894	88.703110	4.820015
7.056986	6.642303	87.379555	4.830016
7.051474	7.498988	86.135620	4.840016
7.131931	8.436278	84.981003	4.850016
7.298095	9.460636	83.927879	4.860016
7.550414	10.580001	82.991486	4.870017
7.890084	11.803010	82.190735	4.880017
8.319013	13.138029	81.548882	4.890017
8.839669	14.591888	81.094185	4.900017
9.454823	16.168219	80.860580	4.910017
10.167117	17.865240	80.888092	4.920018
10.978452	19.672892	81.222862	4.930018
11.889116	21.569206	81.916412	4.940018
12.896628	23.515987	83.023628	4.950018
13.994251	25.454048	84.598801	4.960019
15.169203	27.298702	86.689018	4.970019
16.400652	28.936785	89.324333	4.980019
17.657761	30.227161	92.504509	4.990019
18.898184	31.007290	96.183502	5.000020
0.115777	0.355879	0.294328	0.010000
0.146147	0.542659	0.289038	0.020000
0.193579	0.783178	0.284355	0.030000
0.262676	1.105030	0.280723	0.040000
0.360555	1.543919	0.279003	0.050000
0.497548	2.147724	0.280852	0.060000
0.688263	2.981789	0.289457	0.070000
0.953132	4.136000	0.310942	0.080000
1.320573	5.734385	0.357076	0.090000
1.830013	7.948164	0.450456	0.100000
2.536040	11.013283	0.634464	0.110000
3.514064	15.253403	0.992280	0.120000
4.867858	21.108320	1.683097	0.130000
6.739224	29.164318	3.010435	0.140000
9.319275	40.172611	5.548793	0.150000
12.858572	55.014355	10.370335	0.160000
17.667166	74.502197	19.421247	0.170000
24.080347	98.760887	36.042732	0.180000
32.334248	125.700233	65.331879	0.190000
42.250900	148.116608	113.099831	0.200000
52.653259	150.735794	180.606201	0.210000
60.782776	114.257889	253.769699	0.220000
62.821716	35.507099	299.385315	0.230000
56.432987	-54.608818	291.561768	0.240000
43.052818	-116.587585	244.143250	0.250000
26.567759	-141.743835	193.298233	0.260000
10.183474	-146.184128	161.398376	0.270000
-4.783123	-145.049179	152.619568	0.280000
-18.164244	-142.866302	164.527542	0.290000
-29.868843	-135.355179	193.425934	0.300000
-39.196632	-113.761024	232.324585	0.310000
-44.733593	-71.846947	267.846283	0.320000
-45.027340	-14.498446	284.020782	0.330000
-39.744453	41.881111	274.282532	0.340000
-30.178267	82.116524	247.691010	0.350000
-18.473299	103.036064	219.837112	0.360000
-6.471909	110.323616	201.320770	0.370000
4.751497	110.086441	195.441116	0.380000
14.666316	104.748161	201.165680	0.390000
22.881369	93.380310	215.252625	0.400000
28.897293	73.977318	232.627747	0.410000
32.129417	46.297138	246.885269	0.420000
32.172020	13.743361	252.460785	0.430000
29.108158	-17.571529	247.592087	0.440000
23.587885	-42.222237	235.171509	0.450000
16.587889	-58.120155	220.425095	0.460000
9.058004	-66.274269	207.832047	0.470000
1.704112	-68.855621	199.724670	0.480000
-5.031548	-67.628708	196.543015	0.490000
-10.881474	-63.448143	197.563782	0.500000
-15.656208	-56.489178	201.416611	0.510000
-19.192038	-46.760422	206.372162	0.520000
-21.353271	-34.598171	210.621490	0.530000
-22.072998	-20.923449	212.667374	0.540000
-21.399731	-7.128674	211.725998	0.550000
-19.515297	5.342498	207.904190	0.560000
-16.707642	15.454453	202.020920	0.570000
-13.310870	22.805799	195.189499	0.580000
-9.641888	27.555220	188.414047	0.590000
-5.957886	30.179497	182.372833	0.600000
-2.441596	31.233810	177.394989	0.610000
0.792600	31.203051	173.543472	0.620000
3.682816	30.447138	170.719284	0.630000
6.202661	29.205870	168.743942	0.640000
8.347486	27.629068	167.411545	0.650000
10.125066	25.810760	166.517609	0.660000
11.550229	23.817537	165.874176	0.670000
12.642385	21.707985	165.318283	0.680000
13.424775	19.543184	164.717361	0.690000
13.924499	17.389698	163.972549	0.700000
14.172584	15.317152	163.019760	0.710000
14.203693	13.392799	161.828049	0.720000
14.055302	11.675407	160.395279	0.730000
13.766398	10.210319	158.741653	0.740000
13.375937	9.026808	156.902390	0.750000
12.921280	8.137979	154.920578	0.760000
12.436879	7.542792	152.841293	0.770000
11.953326	7.229465	150.707474	0.780000
11.496853	7.179371	148.557602	0.790000
11.089246	7.370774	146.424973	0.800000
10.748103	7.781940	144.338120	0.810000
10.487333	8.393435	142.321915	0.820000
10.317793	9.189569	140.399109	0.830000
10.247970	10.159082	138.592010	0.839999
10.284636	11.295147	136.924088	0.849999
10.433421	12.594788	135.421585	0.859999
10.699244	14.057754	134.115082	0.869999
11.086577	15.684810	133.040848	0.879999
11.599498	17.475363	132.242142	0.889999
12.241467	19.424269	131.770157	0.899999
13.014787	21.517643	131.684357	0.909999
13.919668	23.727554	132.051712	0.919999
14.952824	26.005615	132.944122	0.929999
16.105555	28.275837	134.432953	0.939999
17.361340	30.427803	136.579514	0.949999
18.693077	32.312180	139.420563	0.959999
20.060379	33.741768	142.948578	0.969999
21.407583	34.502350	147.088699	0.979999
22.663565	34.377312	151.677383	0.989999
23.744522	33.187321	156.451538	0.999999
24.560783	30.840191	161.058868	1.009999
25.027691	27.377634	165.097504	1.019999
25.079111	22.999418	168.183044	1.029999
24.680387	18.047646	170.026627	1.039999
23.836771	12.947969	170.496857	1.049999
22.594193	8.124600	169.640717	1.059999
21.031841	3.919401	167.655823	1.069999
19.248875	0.542400	164.828217	1.079999
17.349367	-1.935895	161.462128	1.089999
15.429390	-3.558687	157.825272	1.099999
13.568531	-4.441408	154.120224	1.109999
11.826226	-4.731108	150.479630	1.119999
10.241952	-4.575963	146.976578	1.129999
8.837817	-4.107074	143.640915	1.139999
7.622232	-3.430441	140.475311	1.149999
6.593703	-2.625645	137.467972	1.159999
5.744236	-1.748120	134.601334	1.169999
5.062131	-0.832866	131.857437	1.179999
4.534137	0.101663	129.220673	1.189999
4.147046	1.050112	126.679039	1.199999
3.888833	2.017460	124.224449	1.209999
3.749448	3.016967	121.852760	1.219999
3.721359	4.068780	119.563683	1.229999
3.799938	5.199116	117.360893	1.239999
3.983750	6.439929	115.252457	1.249999
4.274796	7.828951	113.251717	1.259999
4.678748	9.410001	111.378784	1.269999
5.205202	11.233360	109.662811	1.279999
5.867924	13.355987	108.145325	1.289999
6.685085	15.841099	106.884949	1.299999
7.679374	18.756416	105.963860	1.309999
8.877837	22.169836	105.496338	1.319999
10.311149	26.140589	105.639450	1.329999
12.011815	30.702917	106.605049	1.339999
14.010538	35.838127	108.670494	1.349999
16.329599	41.430244	112.181610	1.359999
18.971838	47.202175	117.535233	1.369999
21.903887	52.636925	125.119942	1.379999
25.033625	56.907887	135.187469	1.389999
28.185446	58.876537	147.637390	1.399999
31.083763	57.252220	161.748138	1.409999
33.363220	50.996067	175.992233	1.419999
34.625237	39.911491	188.175583	1.429999
34.542656	25.103296	196.070679	1.439999
32.976311	8.854208	198.346100	1.449999
30.038557	-6.206202	195.188385	1.459999
26.058889	-18.142231	188.123016	1.469999
21.470894	-26.259197	179.200073	1.479999
16.687372	-30.938475	170.177261	1.489999
12.020517	-33.101547	162.141663	1.499999
7.660281	-33.727318	155.552933	1.509999
3.691856	-33.599220	150.468170	1.519999
0.127520	-33.244663	146.758499	1.529999
-3.062999	-32.969299	144.248459	1.539999
-5.929527	-32.915253	142.783234	1.549999
-8.525976	-33.111343	142.249527	1.559999
-10.900546	-33.507599	142.571808	1.569999
-13.089622	-33.996681	143.697021	1.579999
-15.113985	-34.427925	145.574020	1.589999
-16.976658	-34.619934	148.130905	1.599999
-18.662289	-34.376957	151.253189	1.609999
-20.138456	-33.512573	154.766830	1.619999
-21.359455	-31.881191	158.432083	1.629999
-22.272913	-29.413189	161.954086	1.639999
-22.828976	-26.144409	165.013794	1.649999
-22.990780	-22.227869	167.315567	1.659999
-22.743954	-17.918381	168.639603	1.669999
-22.102608	-13.529866	168.881958	1.679999
-21.109915	-9.376848	168.067474	1.689999
-19.833069	-5.718927	166.331451	1.699999
-18.354141	-2.725023	163.878601	1.709999
-16.759476	-0.464520	160.935287	1.719999
-15.130216	1.078677	157.709946	1.729999
-13.535659	1.979589	154.369537	1.739999
-12.029902	2.343757	151.032166	1.749999
-10.651345	2.283958	147.771225	1.759999
-9.424173	1.904635	144.625214	1.769999
-8.360884	1.293526	141.608810	1.779999
-7.465150	0.518617	138.722549	1.789999
-6.734567	-0.371616	135.960083	1.799999
-6.163031	-1.346313	133.313065	1.809999
-5.742689	-2.389755	130.774216	1.819999
-5.465454	-3.498926	128.339096	1.829999
-5.324164	-4.681411	126.007111	1.839999
-5.313441	-5.953738	123.782242	1.849999
-5.430324	-7.340162	121.673805	1.859999
-5.674744	-8.871784	119.697479	1.869999
-6.049876	-10.585895	117.876823	1.879999
-6.562396	-12.525289	116.245499	1.889999
-7.222631	-14.737247	114.850357	1.899999
-8.044575	-17.271652	113.755638	1.909999
-9.045648	-20.177473	113.048363	1.919999
-10.246044	-23.496408	112.844826	1.929999
-11.667356	-27.252043	113.297676	1.939999
-13.330027	-31.432240	114.601837	1.949998
-15.248993	-35.962372	116.995834	1.959998
-17.426754	-40.667805	120.751808	1.969998
-19.843115	-45.227741	126.143509	1.979998
-22.441484	-49.131138	133.378357	1.989998
-25.113220	-51.660820	142.482391	1.999998
-27.684666	-51.950500	153.145798	2.009999
-29.915686	-49.164307	164.579361	2.019999
-31.521143	-42.807983	175.488831	2.029999
-32.222408	-33.074409	184.289581	2.039999
-31.820856	-21.007425	189.579529	2.049999
-30.264942	-8.284337	190.672897	2.059999
-27.674932	3.344795	187.861908	2.069999
-24.308651	12.642107	182.223648	2.079998
-20.486193	19.154602	175.124359	2.089998
-16.511765	23.104954	167.751312	2.099998
-12.622618	25.084267	160.884338	2.109998
-8.972322	25.763000	154.900742	2.119998
-5.638636	25.720865	149.895462	2.129998
-2.642222	25.388632	145.812729	2.139998
0.033694	25.054848	142.542130	2.149998
2.427300	24.896563	139.973648	2.159998
4.586765	25.011364	138.022858	2.169998
6.562698	25.442083	136.638550	2.179998
8.403339	26.192741	135.801682	2.189998
10.151438	27.236969	135.520432	2.199998
11.841990	28.520773	135.823196	2.209998
13.500303	29.961491	136.749939	2.219998
15.140060	31.444807	138.341003	2.229998
16.761280	32.822174	140.622635	2.239998
18.348351	33.911659	143.588654	2.249998
19.868608	34.505970	147.179321	2.259998
21.272251	34.391453	151.260864	2.269998
22.494602	33.379974	155.612427	2.279998
23.461678	31.351124	159.929169	2.289998
24.099352	28.295380	163.849564	2.299998
24.345295	24.342686	167.008041	2.309998
24.161308	19.760292	169.102631	2.319998
23.542717	14.912573	169.956711	2.329998
22.521738	10.191598	169.551468	2.339998
21.163485	5.941546	168.016602	2.349998
19.555799	2.402686	165.585022	2.359998
17.796070	-0.310071	162.531372	2.369998
15.978644	-2.195311	159.116684	2.379998
14.185492	-3.332913	155.553040	2.389998
12.481109	-3.846815	151.990601	2.399998
10.911287	-3.873593	148.521408	2.409998
9.504599	-3.541285	145.191833	2.419998
8.275362	-2.958104	142.017120	2.429998
7.227098	-2.208462	138.994141	2.439998
6.355843	-1.353445	136.110855	2.449998
5.653004	-0.433448	133.352585	2.459998
5.107655	0.528476	130.705612	2.469998
4.708287	1.523389	128.159103	2.479998
4.444111	2.553729	125.705910	2.489998
4.305990	3.631192	123.342918	2.499998
4.287101	4.775216	121.071220	2.509998
4.383421	6.012023	118.896454	2.519998
4.594083	7.374109	116.829445	2.529998
4.921669	8.900070	114.887344	2.539998
5.372461	10.634605	113.095421	2.549998
5.956676	12.628452	111.489761	2.559998
6.688646	14.937908	110.121063	2.569998
7.586906	17.623344	109.059860	2.579998
8.674054	20.745768	108.403442	2.589998
9.976168	24.359936	108.284492	2.599998
11.521393	28.501793	108.880936	2.609998
13.337128	33.167068	110.425186	2.619998
15.444926	38.277294	113.208328	2.629998
17.852011	43.630306	117.570335	2.639998
20.538248	48.836926	123.861061	2.649998
23.438194	53.257904	132.350906	2.659998
26.420074	55.978821	143.073166	2.669998
29.268280	55.890530	155.607788	2.679998
31.682358	51.950962	168.885040	2.689998
33.309273	43.635265	181.177094	2.699998
33.817921	31.403538	190.458023	2.709998
32.999714	16.840183	195.115799	2.719998
30.849222	2.207511	194.650284	2.729998
27.575405	-10.409459	189.859528	2.739998
23.532928	-19.815357	182.376038	2.749998
19.113659	-25.864544	173.927719	2.759998
14.654184	-29.139957	165.806549	2.769998
10.389960	-30.498642	158.722702	2.779998
6.452802	-30.745676	152.923111	2.789998
2.892217	-30.493340	148.385681	2.799998
-0.297247	-30.146172	144.977631	2.809998
-3.152265	-29.939455	142.550049	2.819998
-5.723435	-29.986338	140.981232	2.829998
-8.063804	-30.315439	140.188980	2.839998
-10.221569	-30.895508	140.126984	2.849998
-12.235412	-31.649540	140.773544	2.859998
-14.131343	-32.462395	142.116516	2.869998
-15.920470	-33.186047	144.135788	2.879998
-17.597538	-33.646568	146.784073	2.889998
-19.140482	-33.656612	149.967926	2.899998
-20.511547	-33.036098	153.532425	2.909998
-21.660648	-31.641443	157.255096	2.919998
-22.531420	-29.399431	160.855392	2.929998
-23.069838	-26.337036	164.023285	2.939998
-23.234272	-22.595377	166.464859	2.949998
-23.004917	-18.418049	167.954086	2.959998
-22.390057	-14.112315	168.374496	2.969998
-21.427244	-9.993030	167.735703	2.979998
-20.178907	-6.327035	166.159241	2.989998
-18.723709	-3.295167	163.840637	2.999998
-17.146124	-0.980163	161.002762	3.009998
-15.526845	0.622099	157.855453	3.019998
-13.935792	1.577656	154.570175	3.029998
-12.428349	1.986403	151.270782	3.039998
-11.044504	1.958329	148.036270	3.049998
-9.810060	1.597111	144.909851	3.059998
-8.738995	0.990923	141.909790	3.069998
-7.836258	0.208743	139.039200	3.079998
-7.100494	-0.699846	136.293533	3.089998
-6.526450	-1.703005	133.665771	3.099998
-6.106952	-2.784301	131.149750	3.109998
-5.834477	-3.940298	128.742081	3.119998
-5.702342	-5.178454	126.443420	3.129997
-5.705598	-6.515409	124.259308	3.139997
-5.841691	-7.975671	122.201103	3.149997
-6.110945	-9.590616	120.287170	3.159997
-6.516912	-11.397610	118.544586	3.169997
-7.066594	-13.439014	117.011566	3.179997
-7.770536	-15.760682	115.740799	3.189997
-8.642725	-18.409340	114.803787	3.199997
-9.700166	-21.427984	114.296272	3.209997
-10.961935	-24.847986	114.344452	3.219997
-12.447375	-28.676163	115.110931	3.229997
-14.172935	-32.874683	116.798302	3.239997
-16.147030	-37.331959	119.645782	3.249997
-18.362221	-41.824383	123.911392	3.259997
-20.784260	-45.974010	129.828568	3.269997
-23.338465	-49.217457	137.525253	3.279997
-25.895931	-50.816818	146.901443	3.289997
-28.265377	-49.956364	157.486588	3.299997
-30.199881	-45.958900	168.343506	3.309997
-31.427910	-38.595264	178.126389	3.319997
-31.710379	-28.353500	185.376099	3.329997
-30.908974	-16.463522	188.997086	3.339997
-29.035685	-4.565368	188.676163	3.349997
-26.255529	5.841136	184.971222	3.359997
-22.838844	13.846521	179.014465	3.369997
-19.087992	19.253422	172.045883	3.379997
-15.272310	22.399380	165.053436	3.389997
-11.591587	23.871267	158.640533	3.399997
-8.168650	24.274435	153.071564	3.409997
-5.060353	24.111456	148.388596	3.419997
-2.275381	23.749126	144.522415	3.429997
0.208544	23.432121	141.368805	3.439997
2.431128	23.311750	138.830719	3.449997
4.440017	23.473551	136.836884	3.459997
6.284596	23.957962	135.347137	3.469997
8.012058	24.773445	134.351273	3.479997
9.664841	25.903166	133.865219	3.489997
11.278739	27.306644	133.925934	3.499997
12.881207	28.917656	134.584869	3.509997
14.489506	30.639711	135.899414	3.519997
16.108568	32.340790	137.920761	3.529997
17.728609	33.849884	140.677246	3.539997
19.322842	34.959015	144.152756	3.549997
20.845987	35.435261	148.262268	3.559997
22.234652	35.047050	152.829773	3.569997
23.410810	33.605785	157.577759	3.579997
24.289417	31.017344	162.139435	3.589997
24.790123	27.329123	166.101669	3.599997
24.851475	22.752197	169.075455	3.609997
24.444220	17.641380	170.776077	3.619997
23.579578	12.431372	171.084183	3.629997
22.309464	7.548095	170.062988	3.639997
20.718306	3.327161	167.925522	3.649997
18.909157	-0.033309	164.968506	3.659997
16.988371	-2.476669	161.500626	3.669997
15.052795	-4.058669	157.788651	3.679997
13.181637	-4.904174	154.030792	3.689997
11.433224	-5.166202	150.354080	3.699997
9.845579	-4.996022	146.826141	3.709997
8.439283	-4.525891	143.472351	3.719997
7.221302	-3.861892	140.292023	3.729997
6.188844	-3.083277	137.270981	3.739997
5.332778	-2.245167	134.390060	3.749997
4.640392	-1.382530	131.630112	3.759997
4.097508	-0.514208	128.974548	3.769997
3.690023	0.353557	126.410378	3.779997
3.404996	1.224307	123.928352	3.789997
3.231385	2.109272	121.522804	3.799997
3.160545	3.025945	119.191391	3.809997
3.186558	3.997234	116.934975	3.819997
3.306479	5.051111	114.757759	3.829997
3.520534	6.220687	112.667770	3.839997
3.832328	7.544610	110.677795	3.849997
4.249074	9.067713	108.806931	3.859997
4.781872	10.841752	107.082878	3.869997
5.446025	12.926013	105.545380	3.879997
6.261367	15.387381	104.251060	3.889997
7.252516	18.299171	103.280220	3.899997
8.448906	21.737530	102.745964	3.909997
9.884293	25.773375	102.806023	3.919997
11.595257	30.456738	103.676735	3.929997
13.617868	35.788830	105.647034	3.939997
15.981282	41.675941	109.086235	3.949997
18.696604	47.860104	114.432625	3.959997
21.739239	53.828243	122.139267	3.969997
25.024033	58.721710	132.543579	3.979997
28.376196	61.307648	145.632385	3.989997
31.508648	60.123299	160.724731	3.999997
34.026787	53.908260	176.216904	4.009997
35.485725	42.294174	189.676758	4.019997
35.506977	26.399807	198.533752	4.029997
33.916336	8.762668	201.183395	4.039998
30.824862	-7.610597	197.779526	4.049998
26.594217	-20.497913	190.060944	4.059998
21.705975	-29.130604	180.381409	4.069998
16.615953	-33.987614	170.731842	4.079998
11.663091	-36.144760	162.306595	4.089999
7.047633	-36.707157	155.578140	4.099999
2.854228	-36.528637	150.574646	4.109999
-0.910039	-36.157974	147.132172	4.119999
-4.280767	-35.888779	145.048019	4.130000
-7.310556	-35.830311	144.148209	4.140000
-10.052116	-35.965405	144.302338	4.150000
-12.547797	-36.189972	145.411697	4.160000
-14.823353	-36.339615	147.385498	4.170001
-16.884628	-36.211483	150.113113	4.180001
-18.716745	-35.588741	153.437683	4.190001
-20.285992	-34.272297	157.137466	4.200001
-21.544889	-32.119774	160.922058	4.210001
-22.440605	-29.085522	164.450439	4.220002
-22.926003	-25.249374	167.372375	4.230002
-22.971437	-20.820309	169.386017	4.240002
-22.574421	-16.106960	170.294464	4.250002
-21.764332	-11.459886	170.040756	4.260003
-20.600595	-7.203465	168.707916	4.270003
-19.164925	-3.580102	166.485092	4.280003
-17.550045	-0.722600	163.614822	4.290003
-15.848126	1.342906	160.340942	4.300004
-14.141528	2.672514	156.871475	4.310004
-12.497169	3.371926	153.361267	4.320004
-10.964496	3.566408	149.911194	4.330004
-9.576216	3.378897	146.577118	4.340004
-8.350681	2.917068	143.382507	4.350005
-7.294989	2.267674	140.330429	4.360005
-6.408115	1.495668	137.413040	4.370005
-5.683728	0.645925	134.618134	4.380005
-5.112508	-0.253953	131.933197	4.390006
-4.683973	-1.190673	129.347672	4.400006
-4.387854	-2.162606	126.854050	4.410006
-4.215104	-3.177644	124.448357	4.420006
-4.158626	-4.251612	122.130363	4.430007
-4.213808	-5.407219	119.903885	4.440007
-4.378911	-6.673454	117.777267	4.450007
-4.655392	-8.085354	115.764320	4.460007
-5.048173	-9.684014	113.885757	4.470007
-5.565897	-11.516657	112.171410	4.480008
-6.221150	-13.636485	110.663445	4.490008
-7.030634	-16.101883	109.420769	4.500008
-8.015184	-18.974230	108.525085	4.510008
-9.199492	-22.313168	108.088623	4.520009
-10.611218	-26.167501	108.263565	4.530009
-12.279066	-30.559078	109.252121	4.540009
-14.229066	-35.456081	111.314438	4.550009
-16.478102	-40.732025	114.768211	4.560009
-19.023460	-46.108810	119.968231	4.570010
-21.827459	-51.089783	127.247452	4.580010
-24.797464	-54.906166	136.797577	4.590010
-27.765013	-56.528656	148.478928	4.600010
-30.473459	-54.822178	161.594879	4.610011
-32.589859	-48.903282	174.752045	4.620011
-33.756607	-38.638855	186.001312	4.630011
-33.682613	-25.018587	193.384659	4.640011
-32.242977	-10.041596	195.714645	4.650012
-29.533669	3.976170	193.099716	4.660012
-25.844257	15.277629	186.817078	4.670012
-21.562998	23.155809	178.648895	4.680012
-17.068325	27.858126	170.181824	4.690012
-12.655337	30.153770	162.447952	4.700013
-8.511496	30.913027	155.925064	4.710013
-4.727872	30.866381	150.712784	4.720013
-1.325332	30.530964	146.720688	4.730013
1.718769	30.228386	143.798691	4.740014
4.449530	30.131611	141.806030	4.750014
6.919929	30.309341	140.637955	4.760014
9.181419	30.757898	140.229004	4.770014
11.277961	31.420759	140.544754	4.780015
13.242138	32.199364	141.568130	4.790015
15.092480	32.959431	143.282654	4.800015
16.831615	33.537056	145.653671	4.810015
18.445328	33.748585	148.608810	4.820015
19.902931	33.407635	152.020416	4.830016
21.159584	32.350864	155.694733	4.840016
22.161171	30.470587	159.373886	4.850016
22.851887	27.747589	162.756104	4.860016
23.183872	24.273291	165.534653	4.870017
23.127192	20.249872	167.448608	4.880017
22.677753	15.962648	168.330826	4.890017
21.860828	11.729687	168.136566	4.900017
20.729006	7.843798	166.942459	4.910017
19.355148	4.525411	164.917297	4.920018
17.822426	1.899083	162.277237	4.930018
16.214113	-0.004421	159.241333	4.940018
14.605350	-1.227797	155.999237	4.950018
13.057992	-1.859422	152.695343	4.960019
11.618591	-2.007183	149.427002	4.970019
10.318818	-1.778817	146.251511	4.980019
9.177427	-1.269764	143.196609	4.990019
8.202936	-0.557369	140.270920	5.000020
0.120012	0.464447	0.294378	0.010000
0.166148	0.802402	0.289364	0.020000
0.245731	1.284903	0.285580	0.030000
0.373109	2.007529	0.284552	0.040000
0.572092	3.109921	0.289913	0.050000
0.880321	4.803062	0.310311	0.060000
1.356338	7.409669	0.366302	0.070000
2.090634	11.425133	0.506746	0.080000
3.222672	17.609234	0.847701	0.090000
4.966752	27.120806	1.664490	0.100000
7.650329	41.701485	3.608260	0.110000
11.767277	63.873173	8.207781	0.120000
18.039074	96.937897	18.989906	0.130000
27.435820	143.946030	43.751408	0.140000
40.968540	203.001282	97.972694	0.150000
58.705635	253.435165	204.305710	0.160000
77.174034	235.718765	366.510559	0.170000
86.740189	85.022446	503.530884	0.180000
77.460495	-129.487137	486.498352	0.190000
51.959393	-250.673477	352.752441	0.200000
21.826780	-270.399567	244.053238	0.210000
-6.028454	-265.855682	212.440170	0.220000
-31.008823	-266.936737	252.003082	0.230000
-53.050434	-246.854614	351.561890	0.240000
-68.193016	-152.300903	469.956055	0.250000
-69.318893	19.601685	516.188965	0.260000
-54.077049	173.329269	450.551453	0.270000
-29.081261	241.452591	352.756714	0.280000
-2.482857	253.560089	301.959839	0.290000
21.877708	246.722595	315.514313	0.300000
42.375736	215.978134	380.870361	0.310000
55.927143	133.265305	461.596741	0.320000
57.982327	0.024907	496.730042	0.330000
47.049767	-125.426109	457.589874	0.340000
27.412668	-193.872375	388.085205	0.350000
5.218589	-213.519012	344.003082	0.360000
-15.640900	-208.099945	344.822083	0.370000
-33.113495	-180.519165	383.328735	0.380000
-44.919796	-119.014481	435.129089	0.390000
-48.265331	-24.885920	463.600861	0.400000
-41.992107	71.154732	446.917175	0.410000
-28.317728	135.521942	402.055389	0.420000
-11.336167	162.919571	362.963074	0.430000
5.588470	165.812927	348.956055	0.440000
20.472754	151.861298	361.045227	0.450000
31.846882	119.223755	388.896790	0.460000
38.138985	65.880028	414.751099	0.470000
38.146011	0.595421	421.183044	0.480000
32.063835	-58.327358	404.039764	0.490000
21.699816	-97.258698	375.224976	0.500000
9.467543	-115.310532	350.463043	0.510000
-2.683521	-118.318451	338.494446	0.520000
-13.514607	-110.698967	340.132721	0.530000
-22.179960	-93.325714	351.131287	0.540000
-27.940107	-66.050270	364.323181	0.550000
-30.201868	-31.233980	371.955994	0.560000
-28.810863	5.083210	369.269836	0.570000
-24.266605	35.876514	357.047424	0.580000
-17.588388	57.032692	340.348145	0.590000
-9.922387	68.503418	324.740875	0.600000
-2.206480	72.498787	313.647125	0.610000
4.933164	71.296471	308.011902	0.620000
11.112915	66.260178	307.100708	0.630000
16.082144	57.953888	309.268616	0.640000
19.656542	46.720631	312.463013	0.650000
21.714069	33.236404	314.659210	0.660000
22.232018	18.733719	314.342560	0.670000
21.323917	4.785444	310.897247	0.680000
19.239431	-7.189649	304.666351	0.690000
16.317844	-16.357906	296.632538	0.700000
12.916907	-22.590431	287.932159	0.710000
9.349697	-26.287659	279.478790	0.720000
5.849717	-28.094177	271.819122	0.730000
2.564970	-28.666941	265.172180	0.740000
-0.429601	-28.552973	259.543610	0.750000
-3.112911	-28.155748	254.836090	0.760000
-5.499229	-27.748592	250.925339	0.770000
-7.623443	-27.503361	247.701614	0.780000
-9.530480	-27.518009	245.087006	0.790000
-11.268139	-27.837345	243.038895	0.800000
-12.882273	-28.466377	241.546356	0.810000
-14.413482	-29.377554	240.623489	0.820000
-15.894615	-30.513504	240.300949	0.830000
-17.348658	-31.786982	240.615829	0.839999
-18.786770	-33.079815	241.599350	0.849999
-20.206448	-34.243176	243.261780	0.859999
-21.590046	-35.102039	245.574722	0.869999
-22.904158	-35.467068	248.452698	0.879999
-24.100578	-35.156384	251.737900	0.889999
-25.119703	-34.027378	255.194839	0.899999
-25.896889	-32.013935	258.521851	0.909999
-26.371662	-29.159071	261.384155	0.919999
-26.498501	-25.629473	263.465454	0.929999
-26.256828	-21.701035	264.525940	0.939999
-25.657406	-17.714298	264.447815	0.949999
-24.743015	-14.011808	263.251953	0.959999
-23.583071	-10.877950	261.079987	0.969999
-22.263783	-8.500194	258.151276	0.979999
-20.876741	-6.959936	254.712143	0.989999
-19.508791	-6.248553	250.993851	0.999999
-18.235027	-6.297142	247.188278	1.009999
-17.115433	-7.007982	243.441223	1.019999
-16.194630	-8.279926	239.858292	1.029999
-15.503731	-10.024854	236.517105	1.039999
-15.063238	-12.175555	233.480988	1.049999
-14.886142	-14.686907	230.811523	1.059999
-14.980624	-17.532125	228.579056	1.069999
-15.351994	-20.695213	226.870926	1.079999
-16.003561	-24.159863	225.797638	1.089999
-16.936214	-27.894388	225.496338	1.099999
-18.146399	-31.831959	226.129898	1.109999
-19.622187	-35.845932	227.878265	1.119999
-21.337227	-39.722054	230.916901	1.129999
-23.242659	-43.133568	235.375793	1.139999
-25.257994	-45.632206	241.274521	1.149999
-27.263367	-46.675972	248.437271	1.159999
-29.097561	-45.717129	256.409943	1.169999
-30.567511	-42.359039	264.425934	1.179999
-31.473736	-36.549515	271.480042	1.189999
-31.650351	-28.723055	276.540558	1.199999
-31.008799	-19.783672	278.847473	1.209999
-29.567352	-10.884876	278.157196	1.219999
-27.451218	-3.093353	274.792999	1.229999
-24.861841	2.891624	269.475433	1.239999
-22.029436	6.836383	263.044189	1.249999
-19.168306	8.890588	256.221771	1.259999
-16.448332	9.418969	249.500443	1.269999
-13.985209	8.843654	243.142303	1.279999
-11.844504	7.543427	237.238861	1.289999
-10.052591	5.810215	231.781189	1.299999
-8.609097	3.843135	226.715393	1.309999
-7.497926	1.760302	221.977676	1.319999
-6.695873	-0.384496	217.512695	1.329999
-6.178841	-2.586539	213.281403	1.339999
-5.926148	-4.878540	209.263474	1.349999
-5.923459	-7.322865	205.458176	1.359999
-6.164828	-10.007016	201.885803	1.369999
-6.654212	-13.041513	198.591415	1.379999
-7.406689	-16.559000	195.652222	1.389999
-8.449471	-20.712845	193.190140	1.399999
-9.822554	-25.672277	191.391296	1.409999
-11.578527	-31.608747	190.534302	1.419999
-13.780415	-38.664192	191.027847	1.429999
-16.495407	-46.885689	193.453308	1.439999
-19.780775	-56.104084	198.595184	1.449999
-23.656361	-65.733803	207.414017	1.459999
-28.057266	-74.498459	220.869141	1.469999
-32.764915	-80.184967	239.454483	1.479999
-37.332500	-79.731033	262.368622	1.489999
-41.057358	-70.138596	286.597015	1.499999
-43.086811	-50.398483	306.857605	1.509999
-42.705399	-23.339333	317.521545	1.519999
-39.687473	4.813560	315.932037	1.529999
-34.448212	27.756432	304.178131	1.539999
-27.843164	42.444187	287.377869	1.549999
-20.780596	49.549294	270.408722	1.559999
-13.930659	51.632950	256.072540	1.569999
-7.646307	51.298855	245.228638	1.579999
-2.026978	50.380825	237.702530	1.589999
2.979632	49.900387	233.031204	1.599999
7.493639	50.282234	230.831985	1.609999
11.647590	51.552246	230.908890	1.619999
15.551853	53.448128	233.226730	1.629999
19.270952	55.460373	237.819443	1.639999
22.804863	56.849033	244.652084	1.649999
26.074833	56.695137	253.445572	1.659999
28.919191	54.050018	263.500214	1.669999
31.109327	48.217133	273.607971	1.679999
32.394878	39.108944	282.180267	1.689999
32.575394	27.490891	287.654327	1.699999
31.575392	14.882955	289.045319	1.709999
29.486141	3.068748	286.322479	1.719999
26.548979	-6.532009	280.347351	1.729999
23.088316	-13.254265	272.430420	1.739999
19.430031	-17.178391	263.820099	1.749999
15.840551	-18.852304	255.395782	1.759999
12.500784	-18.977295	247.616699	1.769999
9.508691	-18.198463	240.623322	1.779999
6.896609	-17.017738	234.373810	1.789999
4.651769	-15.787444	228.751633	1.799999
2.733869	-14.739157	223.630081	1.809999
1.087830	-14.020037	218.902924	1.819999
-0.348018	-13.724769	214.494827	1.829999
-1.637295	-13.920203	210.362320	1.839999
-2.843468	-14.663436	206.492020	1.849999
-4.029477	-16.014870	202.899902	1.859999
-5.258494	-18.047459	199.633743	1.869999
-6.595355	-20.852518	196.780258	1.879999
-8.108248	-24.541260	194.478271	1.889999
-9.870126	-29.239332	192.939651	1.899999
-11.958982	-35.068665	192.479095	1.909999
-14.455489	-42.106178	193.551651	1.919999
-17.435375	-50.302624	196.790024	1.929999
-20.952358	-59.339836	203.016617	1.939999
-25.005907	-68.411736	213.172546	1.949998
-29.488840	-75.960442	228.059235	1.959998
-34.117893	-79.525620	247.770187	1.969998
-38.373577	-76.069717	270.828705	1.979998
-41.512581	-63.205437	293.506134	1.989998
-42.730980	-41.152710	310.369537	1.999998
-41.478207	-13.916565	316.726471	2.009999
-37.750378	12.166687	311.556488	2.019999
-32.120564	31.912291	298.081879	2.029999
-25.463684	43.655685	281.363098	2.039999
-18.597960	48.796127	265.478333	2.049999
-12.073274	49.900768	252.454559	2.059999
-6.148116	49.257866	242.733154	2.069999
-0.867699	48.382782	236.019623	2.079998
3.842986	48.084862	231.874496	2.089998
8.108436	48.677200	229.977554	2.099998
12.057303	50.140991	230.189560	2.109998
15.793843	52.208801	232.516312	2.119998
19.377542	54.389107	237.021652	2.129998
22.806122	55.972939	243.699493	2.139998
26.001938	56.075287	252.309372	2.149998
28.807205	53.770035	262.206604	2.159998
30.997868	48.353477	272.250000	2.169998
32.325283	39.688618	280.908234	2.179998
32.584320	28.457613	286.635101	2.189998
31.687120	16.098574	288.402557	2.199998
29.707548	4.357214	286.091919	2.209998
26.870085	-5.323402	280.475250	2.219998
23.487988	-12.213586	272.810455	2.229998
19.883596	-16.324123	264.339386	2.239998
16.326046	-18.153765	255.965057	2.249998
13.002341	-18.380455	248.178802	2.259998
10.017393	-17.644720	241.147858	2.269998
7.409849	-16.453138	234.847366	2.279998
5.172081	-15.164989	229.168900	2.289998
3.267818	-14.017477	223.987701	2.299998
1.645187	-13.160661	219.195572	2.309998
0.245265	-12.689113	214.712646	2.319998
-0.992959	-12.666714	210.488739	2.329998
-2.130203	-13.145036	206.501266	2.339998
-3.226305	-14.176832	202.753494	2.349998
-4.340836	-15.826012	199.275253	2.359998
-5.534498	-18.174856	196.127518	2.369998
-6.870975	-21.328375	193.412201	2.379998
-8.418848	-25.414335	191.288712	2.389998
-10.253052	-30.575357	189.999237	2.399998
-12.454845	-36.945770	189.904068	2.409998
-15.108515	-44.600136	191.525223	2.419998
-18.291576	-53.452785	195.587311	2.429998
-22.053358	-63.082592	203.022034	2.439998
-26.375221	-72.470291	214.860184	2.449998
-31.107424	-79.703972	231.879532	2.459998
-35.889977	-81.881844	253.876007	2.469998
-40.096283	-75.684547	278.659027	2.479998
-42.881493	-59.044178	301.502686	2.489998
-43.416096	-33.355247	316.338654	2.499998
-41.256924	-4.108027	318.975098	2.509998
-36.610012	21.716307	309.920776	2.519998
-30.244741	39.604031	293.811279	2.529998
-23.120850	49.133224	276.117218	2.539998
-16.026350	52.582977	260.505615	2.549998
-9.425067	52.784996	248.412811	2.559998
-3.489044	51.912930	239.888748	2.569998
1.798137	51.250416	234.487823	2.579998
6.544952	51.379406	231.769592	2.589998
10.885307	52.407887	231.472672	2.599998
14.936834	54.112904	233.512772	2.609998
18.773445	56.002228	237.895630	2.619998
22.404736	57.340584	244.577118	2.629998
25.760651	57.202534	253.283829	2.639998
28.686218	54.619057	263.329285	2.649998
30.956287	48.857716	273.514435	2.659998
32.319733	39.785583	282.241516	2.669998
32.571247	28.129803	287.913025	2.679998
31.628302	15.398682	289.492157	2.689998
29.576065	3.397883	286.901489	2.699998
26.653416	-6.410183	280.982086	2.709998
23.186636	-13.320239	273.053467	2.719998
19.506449	-17.390463	264.389862	2.729998
15.884984	-19.165895	255.897354	2.739998
12.508059	-19.356834	248.053818	2.749998
9.477023	-18.621239	241.009125	2.759998
6.826073	-17.472961	234.724243	2.769998
4.543075	-16.273643	229.082092	2.779998
2.587517	-15.261686	223.954468	2.789998
0.903547	-14.589302	219.234024	2.799998
-0.571643	-14.355176	214.845337	2.809998
-1.903062	-14.629662	210.746292	2.819998
-3.155761	-15.473176	206.926620	2.829998
-4.394428	-16.949322	203.407608	2.839998
-5.684108	-19.133865	200.245255	2.849998
-7.091558	-22.119770	197.538330	2.859998
-8.686759	-26.017082	195.442902	2.869998
-10.543953	-30.944366	194.194641	2.879998
-12.741192	-37.005024	194.139389	2.889998
-15.356645	-44.236938	195.769241	2.899998
-18.458736	-52.518055	199.752228	2.909998
-22.085667	-61.408298	206.923569	2.919998
-26.208876	-69.923767	218.171051	2.929998
-30.677366	-76.302284	234.106842	2.939998
-35.151257	-77.963982	254.432297	2.949998
-39.059364	-72.050438	277.113037	2.959998
-41.648624	-56.846249	297.984192	2.969998
-42.186962	-33.583084	311.790131	2.979998
-40.276134	-6.944099	314.831573	2.989998
-36.076473	17.023613	307.316101	2.999998
-30.247723	34.172848	293.033325	3.009998
-23.643873	43.785770	276.734161	3.019998
-16.997129	47.618309	261.823975	3.029998
-10.765984	48.123688	249.803116	3.039998
-5.144591	47.323395	240.869537	3.049998
-0.144357	46.506447	234.679611	3.059998
4.322201	46.344891	230.826141	3.069998
8.380783	47.088100	229.037170	3.079998
12.157061	48.701595	229.214096	3.089998
15.752345	50.931877	231.394119	3.099998
19.225580	53.319511	235.671188	3.109998
22.577467	55.195946	242.079636	3.119998
25.736790	55.710911	250.440262	3.129997
28.553928	53.945980	260.192688	3.139997
30.810976	49.154381	270.287201	3.149997
32.258236	41.095863	279.253204	3.159997
32.678078	30.314981	285.529907	3.169997
31.958923	18.139381	287.984222	3.179997
30.145958	6.291336	286.341522	3.189997
27.439571	-3.712359	281.240753	3.199997
24.140663	-11.017827	273.882629	3.209997
20.572071	-15.523127	265.528076	3.219997
17.012371	-17.660498	257.139343	3.229997
13.661547	-18.087584	249.269882	3.239997
10.636935	-17.453354	242.132187	3.249997
7.987099	-16.283926	235.726639	3.259997
5.711464	-14.958278	229.954849	3.269997
3.778417	-13.728810	224.692917	3.279997
2.139064	-12.755280	219.828934	3.289997
0.736448	-12.136953	215.277328	3.299997
-0.488941	-11.938276	210.981262	3.309997
-1.596381	-12.208030	206.910568	3.319997
-2.644029	-12.993444	203.059326	3.329997
-3.689312	-14.350743	199.445358	3.339997
-4.790201	-16.353130	196.113007	3.349997
-6.007025	-19.096531	193.140381	3.359997
-7.404556	-22.702370	190.652512	3.369997
-9.053969	-27.315081	188.842361	3.379997
-11.033978	-33.089195	188.001831	3.389997
-13.429871	-40.156136	188.563660	3.399997
-16.328045	-48.553513	191.150070	3.409997
-19.801849	-58.091347	196.609589	3.419997
-23.882380	-68.127800	205.991104	3.429997
-28.506760	-77.257614	220.348663	3.439997
-33.441555	-83.030540	240.216019	3.449997
-38.199722	-82.058151	264.658020	3.459997
-42.012592	-71.089386	290.236420	3.469997
-43.957512	-49.239952	311.033905	3.479997
-43.290276	-20.001909	321.000732	3.489997
-39.833115	9.564013	317.733521	3.499997
-34.107006	32.805874	304.123871	3.509997
-27.067957	47.001209	286.000366	3.519997
-19.671537	53.394691	268.463043	3.529997
-12.581890	54.945576	254.175766	3.539997
-6.119443	54.389759	243.784363	3.549997
-0.348881	53.525219	236.976715	3.559997
4.806964	53.267330	233.244110	3.569997
9.479305	53.906708	232.213760	3.579997
13.796928	55.311485	233.711563	3.589997
17.850447	57.031227	237.692169	3.599997
21.667341	58.343010	244.098648	3.609997
25.193848	58.307053	252.674850	3.619997
28.287048	55.907188	262.765289	3.629997
30.726696	50.328316	273.188904	3.639997
32.257202	41.334843	282.321533	3.649997
32.659946	29.570963	288.479401	3.659997
31.834892	16.527119	290.501892	3.669997
29.852968	4.070432	288.205353	3.679997
26.948158	-6.230181	282.390167	3.689997
23.452318	-13.573958	274.405884	3.699997
19.708527	-17.970398	265.593903	3.709997
16.002771	-19.962955	256.925995	3.719997
12.532342	-20.287558	248.923706	3.729997
9.406143	-19.635046	241.757278	3.739997
6.662179	-18.548218	235.392365	3.749997
4.289277	-17.410414	229.709183	3.759997
2.245978	-16.475285	224.575150	3.769997
0.474299	-15.905855	219.879929	3.779997
-1.091418	-15.809068	215.548035	3.789997
-2.519496	-16.262251	211.540939	3.799997
-3.878627	-17.332142	207.856369	3.809997
-5.237366	-19.087914	204.529022	3.819997
-6.664725	-21.609152	201.635239	3.829997
-8.231265	-24.988466	199.303223	3.839997
-10.010041	-29.326654	197.730042	3.849997
-12.076538	-34.715656	197.205887	3.859997
-14.506182	-41.200684	198.143951	3.869997
-17.367153	-48.708206	201.107651	3.879997
-20.705002	-56.923645	206.813217	3.889997
-24.514605	-65.110558	216.059601	3.899997
-28.695961	-71.902168	229.504181	3.909997
-32.997318	-75.194534	247.195343	3.919997
-36.967251	-72.419708	267.884979	3.929997
-39.965031	-61.515064	288.484772	3.939997
-41.289658	-42.468773	304.448608	3.949997
-40.431557	-18.351677	311.621063	3.959997
-37.323288	5.603335	308.625610	3.969997
-32.398148	24.675625	297.652832	3.979997
-26.395557	36.833542	282.840546	3.989997
-20.062801	42.776352	267.924561	3.999997
-13.947093	44.541813	255.043320	4.009997
-8.342593	44.196461	244.879807	4.019997
-3.338710	43.250000	237.316925	4.029997
1.103614	42.609612	231.986801	4.039998
5.087710	42.731529	228.562622	4.049998
8.738174	43.774105	226.863205	4.059998
12.174346	45.691910	226.862061	4.069998
15.492905	48.271065	228.653290	4.079998
18.753786	51.123913	232.390350	4.089999
21.966160	53.668015	238.193222	4.099999
25.074341	55.125092	246.015869	4.109999
27.947508	54.589470	255.483002	4.119999
30.381651	51.215519	265.748383	4.130000
32.124565	44.528069	275.480713	4.140000
32.929863	34.752079	283.091431	4.150000
32.630653	22.947660	287.207611	4.160000
31.204050	10.767846	287.183258	4.170001
28.792158	-0.102434	283.327240	4.180001
25.665514	-8.506050	276.690155	4.190001
22.148426	-14.056771	268.576263	4.200001
18.543602	-17.016731	260.099396	4.210001
15.084132	-17.993692	251.975647	4.220002
11.918735	-17.663349	244.537003	4.230002
9.120405	-16.608295	237.850220	4.240002
6.705153	-15.264236	231.842819	4.250002
4.651381	-13.928202	226.393097	4.260003
2.915555	-12.790263	221.380371	4.270003
1.443168	-11.967620	216.706650	4.280003
0.175602	-11.533071	212.302444	4.290003
-0.946117	-11.536591	208.125534	4.300004
-1.979758	-12.021202	204.157974	4.310004
-2.981826	-13.034749	200.404236	4.320004
-4.008516	-14.638883	196.891953	4.330004
-5.117358	-16.915989	193.676376	4.340004
-6.369286	-19.974018	190.849808	4.350005
-7.830844	-23.948036	188.557648	4.360005
-9.576105	-28.995331	187.023270	4.370005
-11.687431	-35.277477	186.584091	4.380005
-14.253511	-42.916916	187.738922	4.390006
-17.361647	-51.907043	191.199432	4.400006
-21.079216	-61.946152	197.918884	4.410006
-25.416887	-72.169266	209.028702	4.420006
-30.266066	-80.803940	225.547928	4.430007
-35.312225	-84.939140	247.689026	4.440007
-39.955376	-80.888107	273.745789	4.450007
-43.320198	-65.755020	299.177002	4.460007
-44.462376	-39.997135	317.341400	4.470007
-42.769382	-8.851769	322.790192	4.480008
-38.315018	19.877510	314.985504	4.490008
-31.849752	40.443272	298.526794	4.500008
-24.415552	51.717068	279.636169	4.510008
-16.911760	55.995659	262.765106	4.520009
-9.885545	56.463520	249.768661	4.530009
-3.550480	55.624302	240.801636	4.540009
2.098182	54.947361	235.386520	4.550009
7.170672	55.068821	233.028229	4.560009
11.803787	56.058197	233.423904	4.570010
16.111340	57.588627	236.450821	4.580010
20.151840	59.017601	242.046036	4.590010
23.905636	59.442501	250.023071	4.600010
27.261494	57.812820	259.857147	4.610011
30.020264	53.171265	270.509674	4.620011
31.927065	45.028099	280.422852	4.630011
32.737293	33.732166	287.814301	4.640011
32.302303	20.574863	291.246765	4.650012
30.638336	7.435364	290.189972	4.660012
27.939739	-3.903275	285.193329	4.670012
24.526787	-12.352490	277.546967	4.680012
20.757492	-17.699055	268.694122	4.690012
16.947706	-20.387167	259.770508	4.700013
13.326888	-21.155491	251.440842	4.710013
10.030461	-20.749025	243.965073	4.720013
7.114645	-19.775557	237.349625	4.730013
4.578838	-18.673973	231.484253	4.740014
2.386415	-17.738562	226.230988	4.750014
0.480422	-17.159561	221.469711	4.760014
-1.206063	-17.061115	217.116196	4.770014
-2.743864	-17.530838	213.126617	4.780015
-4.204716	-18.640940	209.497559	4.790015
-5.660302	-20.462309	206.266998	4.800015
-7.182474	-23.072485	203.519073	4.810015
-8.843973	-26.557108	201.394424	4.820015
-10.718872	-31.002470	200.107040	4.830016
-12.881721	-36.473953	199.967300	4.840016
-15.403831	-42.971466	201.407806	4.850016
-18.344263	-50.349239	205.000641	4.860016
-21.732061	-58.187561	211.439285	4.870017
-25.535927	-65.618767	221.433243	4.880017
-29.619850	-71.159309	235.438446	4.890017
-33.692276	-72.702217	253.166672	4.900017
-37.275513	-67.939774	272.972168	4.910017
-39.744457	-55.418694	291.554810	4.920018
-40.479042	-35.891567	304.674133	4.930018
-39.104031	-12.828582	309.051270	4.940018
-35.680645	8.906948	304.258331	4.950018
-30.698578	25.494476	292.851532	4.960019
-24.864462	35.674023	278.632690	4.970019
-18.842344	40.410061	264.725403	4.980019
-13.096181	41.607140	252.795990	4.990019
-7.863783	41.072357	243.309433	5.000020
