0.111584	0.249804	0.294279	0.010000
0.127070	0.305651	0.288761	0.020000
0.146743	0.369470	0.283479	0.030000
0.171048	0.443344	0.278478	0.040000
0.200598	0.529591	0.273824	0.050000
0.236182	0.630844	0.269613	0.060000
0.278782	0.750142	0.265976	0.070000
0.329596	0.891023	0.263103	0.080000
0.390071	1.057633	0.261258	0.090000
0.461942	1.254850	0.260816	0.100000
0.547282	1.488427	0.262303	0.110000
0.648556	1.765158	0.266460	0.120000
0.768693	2.093071	0.274329	0.130000
0.911172	2.481652	0.287375	0.140000
1.080114	2.942108	0.307657	0.150000
1.280401	3.487657	0.338067	0.160000
1.517808	4.133870	0.382668	0.170000
1.799157	4.899034	0.447160	0.180000
2.132496	5.804554	0.539536	0.190000
2.527294	6.875336	0.670993	0.200000
2.994655	8.140136	0.857189	0.210000
3.547540	9.631758	1.119971	0.220000
4.200976	11.386964	1.489724	0.230000
4.972216	13.445829	2.008524	0.240000
5.880781	15.850120	2.734258	0.250000
6.948283	18.640005	3.745850	0.260000
8.197846	21.848089	5.149496	0.270000
9.652851	25.489252	7.085398	0.280000
11.334581	29.544359	9.733493	0.290000
13.258211	33.935684	13.315022	0.300000
15.426428	38.492729	18.083992	0.310000
17.820049	42.910225	24.299028	0.320000
20.385489	46.707664	32.163231	0.330000
23.020370	49.213013	41.721859	0.340000
25.561306	49.609646	52.723225	0.350000
27.781553	47.091286	64.484726	0.360000
29.408836	41.137920	75.855782	0.370000
30.170433	31.836155	85.388855	0.380000
29.860012	20.059389	91.749687	0.390000
28.402449	7.318347	94.213280	0.400000
25.883884	-4.718304	92.952164	0.410000
22.528387	-14.774536	88.920189	0.420000
18.633028	-22.271574	83.424591	0.430000
14.494604	-27.279547	77.673264	0.440000
10.357747	-30.253311	72.517273	0.450000
6.394652	-31.753860	68.415039	0.460000
2.709662	-32.268486	65.522652	0.470000
-0.643865	-32.139423	63.809898	0.480000
-3.644526	-31.563238	63.149708	0.490000
-6.287031	-30.622313	63.370262	0.500000
-8.571324	-29.324963	64.278893	0.510000
-10.496543	-27.643784	65.670853	0.520000
-12.059031	-25.548588	67.333832	0.530000
-13.253428	-23.032301	69.054871	0.540000
-14.075777	-20.128000	70.632538	0.550000
-14.527561	-16.915165	71.893341	0.560000
-14.619460	-13.514318	72.708565	0.570000
-14.373822	-10.071609	73.006531	0.580000
-13.825153	-6.737545	72.776154	0.590000
-13.018488	-3.645667	72.060425	0.600000
-12.006069	-0.896507	70.941788	0.610000
-10.843135	1.450139	69.523651	0.620000
-9.583714	3.374550	67.912712	0.630000
-8.277160	4.890255	66.205429	0.640000
-6.965793	6.034178	64.480087	0.650000
-5.683752	6.856600	62.794079	0.660000
-4.456841	7.412749	61.184940	0.670000
-3.303112	7.756774	59.673592	0.680000
-2.233872	7.938072	58.268341	0.690000
-1.254862	7.999491	56.968781	0.700000
-0.367447	7.976867	55.769093	0.710000
0.430307	7.899350	54.660561	0.720000
1.142698	7.790144	53.633381	0.730000
1.775633	7.667393	52.677837	0.740000
2.336016	7.545063	51.785019	0.750000
2.831293	7.433745	50.947174	0.760000
3.269096	7.341341	50.157864	0.770000
3.657000	7.273643	49.411957	0.780000
4.002337	7.234791	48.705559	0.790000
4.312079	7.227662	48.035881	0.800000
4.592769	7.254159	47.401108	0.810000
4.850471	7.315454	46.800274	0.820000
5.090755	7.412168	46.233154	0.830000
5.318705	7.544513	45.700157	0.839999
5.538918	7.712393	45.202255	0.849999
5.755534	7.915473	44.740921	0.859999
5.972256	8.153217	44.318092	0.869999
6.192372	8.424907	43.936131	0.879999
6.418777	8.729624	43.597794	0.889999
6.653991	9.066219	43.306232	0.899999
6.900171	9.433255	43.064949	0.909999
7.159116	9.828927	42.877789	0.919999
7.432259	10.250965	42.748886	0.929999
7.720655	10.696519	42.682629	0.939999
8.024957	11.162027	42.683559	0.949999
8.345378	11.643075	42.756275	0.959999
8.681649	12.134251	42.905270	0.969999
9.032963	12.629007	43.134727	0.979999
9.397909	13.119546	43.448284	0.989999
9.774412	13.596736	43.848701	0.999999
10.159664	14.050097	44.337505	1.009999
10.550069	14.467863	44.914558	1.019999
10.941199	14.837168	45.577625	1.029999
11.327786	15.144357	46.321907	1.039999
11.703741	15.375466	47.139641	1.049999
12.062227	15.516860	48.019772	1.059999
12.395798	15.556026	48.947796	1.069999
12.696599	15.482476	49.905823	1.079999
12.956639	15.288708	50.872917	1.089999
13.168128	14.971107	51.825752	1.099999
13.323860	14.530689	52.739582	1.109999
13.417624	13.973572	53.589474	1.119999
13.444603	13.311047	54.351715	1.129999
13.401721	12.559217	55.005234	1.139999
13.287911	11.738193	55.532894	1.149999
13.104259	10.870892	55.922485	1.159999
12.854004	9.981601	56.167309	1.169999
12.542410	9.094444	56.266266	1.179999
12.176490	8.231952	56.223495	1.189999
11.764636	7.413864	56.047604	1.199999
11.316188	6.656301	55.750641	1.209999
10.840972	5.971324	55.346954	1.219999
10.348861	5.366879	54.852058	1.229999
9.849385	4.847065	54.281639	1.239999
9.351417	4.412629	53.650761	1.249999
8.862933	4.061603	52.973293	1.259999
8.390874	3.789983	52.261589	1.269999
7.941070	3.592387	51.526321	1.279999
7.518241	3.462652	50.776505	1.289999
7.126050	3.394319	50.019604	1.299999
6.767190	3.381030	49.261715	1.309999
6.443500	3.416813	48.507786	1.319999
6.156093	3.496279	47.761826	1.329999
5.905487	3.614744	47.027111	1.339999
5.691730	3.768288	46.306389	1.349999
5.514523	3.953774	45.602024	1.359999
5.373322	4.168824	44.916157	1.369999
5.267442	4.411782	44.250809	1.379999
5.196126	4.681654	43.607990	1.389999
5.158622	4.978048	42.989788	1.399999
5.154235	5.301098	42.398449	1.409999
5.182365	5.651392	41.836433	1.419999
5.242546	6.029894	41.306503	1.429999
5.334456	6.437860	40.811779	1.439999
5.457938	6.876754	40.355804	1.449999
5.612993	7.348145	39.942623	1.459999
5.799773	7.853599	39.576843	1.469999
6.018561	8.394553	39.263710	1.479999
6.269742	8.972156	39.009174	1.489999
6.553753	9.587086	38.819946	1.499999
6.871030	10.239332	38.703541	1.509999
7.221927	10.927930	38.668289	1.519999
7.606622	11.650644	38.723309	1.529999
8.025000	12.403614	38.878410	1.539999
8.476501	13.180942	39.143913	1.549999
8.959960	13.974253	39.530350	1.559999
9.473400	14.772245	40.048012	1.569999
10.013819	15.560271	40.706318	1.579999
10.576946	16.320004	41.512955	1.589999
11.157010	17.029291	42.472816	1.599999
11.746514	17.662279	43.586712	1.609999
12.336069	18.189945	44.849945	1.619999
12.914310	18.581158	46.250862	1.629999
13.467947	18.804338	47.769558	1.639999
13.981999	18.829765	49.377010	1.649999
14.440246	18.632399	51.034943	1.659999
14.825921	18.195009	52.696690	1.669999
15.122642	17.511189	54.309258	1.679999
15.315506	16.587709	55.816628	1.689999
15.392272	15.445704	57.164005	1.699999
15.344471	14.120214	58.302525	1.709999
15.168296	12.657953	59.193676	1.719999
14.865126	11.113482	59.812717	1.729999
14.441587	9.544340	60.150410	1.739999
13.909129	8.005952	60.212856	1.749999
13.283168	6.547105	60.019531	1.759999
12.581933	5.206675	59.599995	1.769999
11.825167	4.011914	58.989956	1.779999
11.032852	2.978295	58.227409	1.789999
10.224101	2.110608	57.349335	1.799999
9.416286	1.404880	56.389313	1.809999
8.624455	0.850650	55.376095	1.819999
7.861034	0.433229	54.333035	1.829999
7.135743	0.135695	53.278194	1.839999
6.455717	-0.059518	52.224873	1.849999
5.825736	-0.169454	51.182346	1.859999
5.248537	-0.209863	50.156704	1.869999
4.725150	-0.194756	49.151608	1.879999
4.255242	-0.136206	48.168980	1.889999
3.837433	-0.044320	47.209553	1.899999
3.469581	0.072670	46.273293	1.909999
3.149031	0.208252	45.359726	1.919999
2.872819	0.357451	44.468147	1.929999
2.637846	0.516630	43.597782	1.939999
2.441006	0.683302	42.747875	1.949998
2.279295	0.855954	41.917751	1.959998
2.149884	1.033895	41.106842	1.969998
2.050177	1.217119	40.314705	1.979998
1.977853	1.406195	39.541027	1.989998
1.930886	1.602180	38.785625	1.999998
1.907563	1.806544	38.048462	2.009999
1.906492	2.021121	37.329628	2.019999
1.926604	2.248072	36.629368	2.029999
1.967151	2.489861	35.948090	2.039999
2.027708	2.749247	35.286385	2.049999
2.108164	3.029282	34.645054	2.059999
2.208725	3.333318	34.025146	2.069999
2.329913	3.665029	33.428017	2.079998
2.472564	4.028420	32.855377	2.089998
2.637832	4.427855	32.309383	2.099998
2.827197	4.868073	31.792721	2.109998
3.042465	5.354198	31.308735	2.119998
3.285776	5.891747	30.861572	2.129998
3.559611	6.486610	30.456356	2.139998
3.866790	7.144999	30.099401	2.149998
4.210469	7.873363	29.798462	2.159998
4.594125	8.678234	29.563034	2.169998
5.021522	9.565990	29.404692	2.179998
5.496657	10.542494	29.337463	2.189998
6.023668	11.612576	29.378239	2.199998
6.606689	12.779311	29.547163	2.209998
7.249652	14.043024	29.867979	2.219998
7.955980	15.399972	30.368225	2.229998
8.728187	16.840652	31.079166	2.239998
9.567327	18.347719	32.035271	2.249998
10.472284	19.893538	33.272968	2.259998
11.438887	21.437550	34.828377	2.269998
12.458858	22.923786	36.733681	2.279998
13.518656	24.279112	39.011841	2.289998
14.598312	25.413118	41.669567	2.299998
15.670488	26.220810	44.688953	2.309998
16.700029	26.589342	48.018814	2.319998
17.644413	26.409645	51.567738	2.329998
18.455460	25.592754	55.201698	2.339998
19.082573	24.088848	58.749256	2.349998
19.477461	21.904907	62.016407	2.359998
19.599852	19.115391	64.810516	2.369998
19.423204	15.860774	66.969208	2.379998
18.939144	12.331712	68.386948	2.389998
18.159454	8.741456	69.031509	2.399998
17.115002	5.293633	68.945229	2.409998
15.851809	2.154212	68.231216	2.419998
14.425228	-0.565540	67.029778	2.429998
12.893599	-2.812818	65.492477	2.439998
11.312597	-4.585985	63.760559	2.449998
9.731130	-5.920937	61.951241	2.459998
8.188990	-6.876046	60.152142	2.469998
6.716123	-7.519075	58.422047	2.479998
5.333070	-7.917682	56.795361	2.489998
4.052132	-8.133599	55.287979	2.499998
2.878854	-8.219838	53.903061	2.509998
1.813542	-8.219963	52.635860	2.519998
0.852662	-8.168610	51.477390	2.529998
-0.009985	-8.092598	50.416973	2.539998
-0.782307	-8.012249	49.443863	2.549998
-1.473186	-7.942659	48.548214	2.559998
-2.091931	-7.894828	47.721561	2.569998
-2.647881	-7.876600	46.956997	2.579998
-3.150131	-7.893426	46.249187	2.589998
-3.607353	-7.948959	45.594269	2.599998
-4.027680	-8.045509	44.989719	2.609998
-4.418646	-8.184390	44.434208	2.619998
-4.787156	-8.366164	43.927464	2.629998
-5.139482	-8.590816	43.470150	2.639998
-5.481274	-8.857861	43.063774	2.649998
-5.817575	-9.166398	42.710594	2.659998
-6.152845	-9.515117	42.413559	2.669998
-6.490968	-9.902260	42.176243	2.679998
-6.835268	-10.325548	42.002789	2.689998
-7.188506	-10.782072	41.897831	2.699998
-7.552869	-11.268152	41.866417	2.709998
-7.929944	-11.779171	41.913876	2.719998
-8.320678	-12.309393	42.045654	2.729998
-8.725324	-12.851772	42.267117	2.739998
-9.143375	-13.397770	42.583237	2.749998
-9.573490	-13.937204	42.998260	2.759998
-10.013406	-14.458155	43.515244	2.769998
-10.459864	-14.946959	44.135551	2.779998
-10.908540	-15.388341	44.858250	2.789998
-11.354005	-15.765708	45.679504	2.799998
-11.789722	-16.061659	46.591961	2.809998
-12.208106	-16.258724	47.584217	2.819998
-12.600653	-16.340338	48.640480	2.829998
-12.958164	-16.292002	49.740471	2.839998
-13.271064	-16.102587	50.859699	2.849998
-13.529807	-15.765619	51.970184	2.859998
-13.725376	-15.280405	53.041618	2.869998
-13.849813	-14.652813	54.042957	2.879998
-13.896767	-13.895547	54.944290	2.889998
-13.861976	-13.027788	55.718811	2.899998
-13.743659	-12.074195	56.344643	2.909998
-13.542738	-11.063318	56.806271	2.919998
-13.262872	-10.025635	57.095390	2.929998
-12.910296	-8.991430	57.211056	2.939998
-12.493474	-7.988816	57.159161	2.949998
-12.022606	-7.042104	56.951344	2.959998
-11.509050	-6.170700	56.603539	2.969998
-10.964721	-5.388576	56.134361	2.979998
-10.401506	-4.704288	55.563560	2.989998
-9.830774	-4.121438	54.910706	2.999998
-9.262971	-3.639422	54.194164	3.009998
-8.707346	-3.254349	53.430435	3.019998
-8.171789	-2.959982	52.633793	3.029998
-7.662771	-2.748612	51.816200	3.039998
-7.185369	-2.611815	50.987396	3.049998
-6.743361	-2.541059	50.155132	3.059998
-6.339352	-2.528157	49.325451	3.069998
-5.974940	-2.565590	48.503002	3.079998
-5.650883	-2.646699	47.691345	3.089998
-5.367263	-2.765794	46.893204	3.099998
-5.123653	-2.918193	46.110714	3.109998
-4.919254	-3.100202	45.345608	3.119998
-4.753031	-3.309074	44.599384	3.129997
-4.623817	-3.542937	43.873421	3.139997
-4.530414	-3.800716	43.169083	3.149997
-4.471662	-4.082057	42.487820	3.159997
-4.446506	-4.387240	41.831219	3.169997
-4.454041	-4.717100	41.201080	3.179997
-4.493549	-5.072956	40.599480	3.189997
-4.564526	-5.456533	40.028828	3.199997
-4.666693	-5.869893	39.491943	3.209997
-4.800008	-6.315355	38.992115	3.219997
-4.964664	-6.795417	38.533188	3.229997
-5.161076	-7.312659	38.119656	3.239997
-5.389870	-7.869634	37.756741	3.249997
-5.651848	-8.468725	37.450500	3.259997
-5.947953	-9.111979	37.207935	3.269997
-6.279210	-9.800888	37.037075	3.279997
-6.646658	-10.536115	36.947063	3.289997
-7.051257	-11.317161	36.948208	3.299997
-7.493762	-12.141951	37.051983	3.309997
-7.974576	-13.006343	37.270939	3.319997
-8.493565	-13.903556	37.618511	3.329997
-9.049822	-14.823530	38.108643	3.339997
-9.641410	-15.752255	38.755211	3.349997
-10.265047	-16.671118	39.571144	3.359997
-10.915776	-17.556370	40.567234	3.369997
-11.586617	-18.378841	41.750587	3.379997
-12.268246	-19.104080	43.122719	3.389997
-12.948736	-19.693117	44.677418	3.399997
-13.613441	-20.104071	46.398548	3.409997
-14.245070	-20.294735	48.258133	3.419997
-14.824058	-20.226177	50.215160	3.429997
-15.329268	-19.867151	52.215630	3.439997
-15.739079	-19.198860	54.194298	3.449997
-16.032799	-18.219309	56.078426	3.459997
-16.192327	-16.946312	57.793377	3.469997
-16.203848	-15.418261	59.269508	3.479997
-16.059317	-13.692079	60.449257	3.489997
-15.757510	-11.838371	61.293133	3.499997
-15.304403	-9.934467	61.783382	3.509997
-14.712810	-8.056600	61.924633	3.519997
-14.001318	-6.272665	61.741482	3.529997
-13.192710	-4.636799	61.273720	3.539997
-12.312107	-3.186460	60.570339	3.549997
-11.385118	-1.942054	59.683514	3.559997
-10.436224	-0.908648	58.663544	3.569997
-9.487523	-0.078972	57.555264	3.579997
-8.557926	0.563047	56.396046	3.589997
-7.662755	1.038867	55.215195	3.599997
-6.813690	1.372431	54.034317	3.609997
-6.018973	1.587945	52.868343	3.619997
-5.283782	1.708352	51.726784	3.629997
-4.610678	1.754411	50.615013	3.639997
-4.000093	1.744240	49.535446	3.649997
-3.450789	1.693192	48.488491	3.659997
-2.960286	1.613957	47.473309	3.669997
-2.525219	1.516780	46.488358	3.679997
-2.141655	1.409752	45.531776	3.689997
-1.805337	1.299114	44.601635	3.699997
-1.511883	1.189557	43.696087	3.709997
-1.256931	1.084499	42.813450	3.719997
-1.036255	0.986333	41.952232	3.729997
-0.845837	0.896642	41.111145	3.739997
-0.681920	0.816383	40.289085	3.749997
-0.541034	0.746044	39.485123	3.759997
-0.420009	0.685766	38.698460	3.769997
-0.315979	0.635454	37.928425	3.779997
-0.226364	0.594859	37.174435	3.789997
-0.148864	0.563642	36.435989	3.799997
-0.081430	0.541431	35.712646	3.809997
-0.022248	0.527862	35.004009	3.819997
0.030291	0.522608	34.309727	3.829997
0.077611	0.525406	33.629478	3.839997
0.120977	0.536075	32.962963	3.849997
0.161520	0.554532	32.309910	3.859997
0.200259	0.580802	31.670061	3.869997
0.238123	0.615030	31.043182	3.879997
0.275969	0.657490	30.429054	3.889997
0.314604	0.708595	29.827480	3.899997
0.354805	0.768907	29.238283	3.909997
0.397334	0.839149	28.661308	3.919997
0.442955	0.920220	28.096434	3.929997
0.492454	1.013208	27.543566	3.939997
0.546654	1.119414	27.002655	3.949997
0.606433	1.240370	26.473701	3.959997
0.672742	1.377869	25.956768	3.969997
0.746625	1.533997	25.451994	3.979997
0.829238	1.711165	24.959616	3.989997
0.921874	1.912157	24.479996	3.999997
1.025984	2.140171	24.013651	4.009997
1.143206	2.398882	23.561300	4.019997
1.275395	2.692497	23.123917	4.029997
1.424656	3.025826	22.702799	4.039998
1.593379	3.404356	22.299665	4.049998
1.784284	3.834332	21.916773	4.059998
2.000460	4.322838	21.557066	4.069998
2.245419	4.877882	21.224379	4.079998
2.523143	5.508466	20.923681	4.089999
2.838136	6.224640	20.661411	4.099999
3.195482	7.037526	20.445875	4.109999
3.600882	7.959267	20.287771	4.119999
4.060693	9.002886	20.200836	4.130000
4.581939	10.181987	20.202642	4.140000
5.172277	11.510209	20.315561	4.150000
5.839911	13.000341	20.567884	4.160000
6.593402	14.662920	20.995077	4.170001
7.441336	16.504131	21.641064	4.180001
8.391787	18.522762	22.559355	4.190001
9.451488	20.705940	23.813654	4.200001
10.624621	23.023464	25.477346	4.210001
11.911118	25.420675	27.630966	4.220002
13.304385	27.810270	30.356384	4.230002
14.788474	30.064243	33.726204	4.240002
16.334822	32.008369	37.787037	4.250002
17.899025	33.423214	42.536312	4.260003
19.418472	34.057034	47.894768	4.270003
20.812113	33.655666	53.680859	4.280003
21.983885	32.011078	59.598221	4.290003
22.831024	29.022133	65.249847	4.300004
23.257315	24.750174	70.188782	4.310004
23.189281	19.444286	74.001617	4.320004
22.591238	13.515535	76.402061	4.330004
21.474239	7.459211	77.299126	4.340004
19.895452	1.750202	76.810722	4.350005
17.947887	-3.248918	75.218048	4.360005
15.743995	-7.335811	72.883667	4.370005
13.398356	-10.465168	70.168037	4.380005
11.013902	-12.709677	67.370888	4.390006
8.673782	-14.208743	64.705917	4.400006
6.438751	-15.123507	62.302349	4.410006
4.348523	-15.606524	60.221348	4.420006
2.425304	-15.786211	58.476585	4.430007
0.678016	-15.762149	57.052670	4.440007
-0.893716	-15.606746	55.918919	4.450007
-2.296237	-15.369748	55.038475	4.460007
-3.539327	-15.083444	54.373653	4.470007
-4.634393	-14.767453	53.888721	4.480008
-5.593265	-14.432692	53.551075	4.490008
-6.427442	-14.084442	53.331524	4.500008
-7.147685	-13.724647	53.204144	4.510008
-7.763834	-13.353549	53.145981	4.520009
-8.284781	-12.970840	53.136723	4.530009
-8.718539	-12.576416	53.158455	4.540009
-9.072372	-12.170845	53.195461	4.550009
-9.352934	-11.755602	53.234127	4.560009
-9.566422	-11.333132	53.262859	4.570010
-9.718712	-10.906789	53.272045	4.580010
-9.815467	-10.480680	53.254025	4.590010
-9.862225	-10.059446	53.203018	4.600010
-9.864449	-9.648020	53.115047	4.610011
-9.827556	-9.251373	52.987804	4.620011
-9.756912	-8.874287	52.820496	4.630011
-9.657814	-8.521151	52.613655	4.640011
-9.535448	-8.195813	52.368923	4.650012
-9.394847	-7.901475	52.088844	4.660012
-9.240839	-7.640639	51.776649	4.670012
-9.078002	-7.415100	51.436054	4.680012
-8.910618	-7.225975	51.071079	4.690012
-8.742640	-7.073771	50.685905	4.700013
-8.577669	-6.958460	50.284752	4.710013
-8.418940	-6.879573	49.871788	4.720013
-8.269317	-6.836296	49.451065	4.730013
-8.131301	-6.827562	49.026485	4.740014
-8.007044	-6.852137	48.601780	4.750014
-7.898367	-6.908689	48.180508	4.760014
-7.806790	-6.995848	47.766075	4.770014
-7.733552	-7.112250	47.361748	4.780015
-7.679647	-7.256567	46.970680	4.790015
-7.645845	-7.427518	46.595955	4.800015
-7.632724	-7.623874	46.240593	4.810015
-7.640688	-7.844445	45.907593	4.820015
-7.669991	-8.088055	45.599964	4.830016
-7.720747	-8.353512	45.320732	4.840016
-7.792944	-8.639562	45.072964	4.850016
-7.886446	-8.944836	44.859772	4.860016
-8.000991	-9.267793	44.684311	4.870017
-8.136187	-9.606651	44.549767	4.880017
-8.291494	-9.959316	44.459332	4.890017
-8.466210	-10.323305	44.416157	4.900017
-8.659442	-10.695672	44.423302	4.910017
-8.870078	-11.072934	44.483643	4.920018
-9.096757	-11.451006	44.599777	4.930018
-9.337827	-11.825145	44.773891	4.940018
-9.591313	-12.189922	45.007610	4.950018
-9.854883	-12.539221	45.301823	4.960019
-10.125812	-12.866268	45.656483	4.970019
-10.400963	-13.163724	46.070408	4.980019
-10.676779	-13.423822	46.541065	4.990019
-10.949289	-13.638578	47.064388	5.000020
0.114725	0.329127	0.294315	0.010000
0.141292	0.481310	0.288964	0.020000
0.181384	0.671818	0.284106	0.030000
0.238089	0.918578	0.280037	0.040000
0.316085	1.243976	0.277295	0.050000
0.422009	1.676972	0.276854	0.060000
0.564994	2.255717	0.280471	0.070000
0.757449	3.030937	0.291313	0.080000
1.016119	4.070360	0.315088	0.090000
1.363535	5.464540	0.362080	0.100000
1.829941	7.334504	0.450809	0.110000
2.455872	9.841646	0.614613	0.120000
3.295525	13.200170	0.913428	0.130000
4.421107	17.691778	1.454827	0.140000
5.928192	23.680622	2.431215	0.150000
7.941808	31.622005	4.184641	0.160000
10.621949	42.047531	7.316467	0.170000
14.164793	55.484764	12.862600	0.180000
18.790346	72.219337	22.540852	0.190000
24.696054	91.724525	38.998032	0.200000
31.937967	111.522766	65.731766	0.210000
40.189354	125.504623	105.816772	0.220000
48.380936	123.080162	158.127747	0.230000
54.466232	93.148109	211.702362	0.240000
55.913696	35.572716	245.807678	0.250000
51.213707	-30.824263	244.888794	0.260000
41.155754	-81.508011	215.196655	0.270000
28.225126	-107.381485	177.855316	0.280000
14.826288	-115.526108	149.418594	0.290000
2.275307	-116.145943	135.507339	0.300000
-9.037142	-114.747810	135.693604	0.310000
-19.065170	-111.542664	147.960281	0.320000
-27.635036	-103.215820	169.444534	0.330000
-34.213081	-85.355774	195.175262	0.340000
-37.969154	-55.854282	217.466644	0.350000
-38.165039	-18.063765	228.376297	0.360000
-34.672855	19.745167	224.584915	0.370000
-28.189934	49.513271	209.768646	0.380000
-19.928583	68.094788	191.449142	0.390000
-11.079745	77.125435	176.054932	0.400000
-2.482767	79.869125	166.768204	0.410000
5.388330	78.743126	164.129898	0.420000
12.273982	74.624718	167.232254	0.430000
17.974575	67.260910	174.370956	0.440000
22.268715	56.089874	183.250870	0.450000
24.921333	41.105015	191.231140	0.460000
25.763535	23.415249	195.925690	0.470000
24.792765	5.144053	196.009247	0.480000
22.224728	-11.345860	191.684525	0.490000
18.456566	-24.376432	184.411011	0.500000
13.962779	-33.394157	176.102219	0.510000
9.185703	-38.774021	168.369644	0.520000
4.469639	-41.318802	162.180664	0.530000
0.047532	-41.829910	157.891098	0.540000
-3.938760	-40.897972	155.434189	0.550000
-7.407831	-38.875763	154.502304	0.560000
-10.312603	-35.945164	154.668167	0.570000
-12.624417	-32.210800	155.457306	0.580000
-14.327319	-27.782751	156.399185	0.590000
-15.419652	-22.829065	157.074921	0.600000
-15.918999	-17.589714	157.163528	0.610000
-15.866453	-12.353859	156.476456	0.620000
-15.327259	-7.413305	154.968109	0.630000
-14.386662	-3.012018	152.717300	0.640000
-13.141846	0.689736	149.886230	0.650000
-11.692167	3.627134	146.671570	0.660000
-10.130144	5.820137	143.262253	0.670000
-8.534918	7.349410	139.812637	0.680000
-6.968825	8.329120	136.432098	0.690000
-5.476761	8.883851	133.186905	0.700000
-4.087526	9.132726	130.108826	0.710000
-2.816281	9.180626	127.205673	0.720000
-1.667377	9.114848	124.470963	0.730000
-0.637082	9.005232	121.891335	0.740000
0.284041	8.906136	119.451660	0.750000
1.109209	8.859165	117.138145	0.760000
1.853952	8.896005	114.940018	0.770000
2.535041	9.041039	112.850327	0.780000
3.169768	9.313619	110.866264	0.790000
3.775485	9.729949	108.989258	0.800000
4.369363	10.304585	107.225143	0.810000
4.968296	11.051565	105.584442	0.820000
5.588912	11.985147	104.082916	0.830000
6.247631	13.120138	102.742424	0.839999
6.960738	14.471696	101.592079	0.849999
7.744394	16.054485	100.669792	0.859999
8.614538	17.880932	100.024063	0.869999
9.586578	19.958263	99.715927	0.879999
10.674767	22.283909	99.820694	0.889999
11.891115	24.838779	100.428879	0.899999
13.243654	27.578039	101.645210	0.909999
14.733883	30.419292	103.584000	0.919999
16.353247	33.229034	106.358490	0.929999
18.078661	35.809891	110.061272	0.939999
19.867455	37.893822	114.733597	0.949999
21.652679	39.149700	120.323914	0.959999
23.340553	39.215630	126.642349	0.969999
24.812550	37.763733	133.326904	0.979999
25.934742	34.593658	139.845886	0.989999
26.575592	29.730637	145.559967	0.999999
26.630058	23.484053	149.847458	1.009999
26.043764	16.422373	152.259491	1.019999
24.828501	9.253463	152.641068	1.029999
23.062290	2.651882	151.158920	1.039999
20.873398	-2.892493	148.224442	1.049999
18.414474	-7.145710	144.355453	1.059999
15.836066	-10.111423	140.042725	1.069999
13.266911	-11.956559	135.666748	1.079999
10.803885	-12.925653	131.473007	1.089999
8.510458	-13.273800	127.588173	1.099999
6.420579	-13.227551	124.053841	1.109999
4.544968	-12.969393	120.860626	1.119999
2.877634	-12.637100	117.974678	1.129999
1.401529	-12.330184	115.355156	1.139999
0.092932	-12.118484	112.964157	1.149999
-1.075402	-12.050344	110.771561	1.159999
-2.132119	-12.159384	108.756836	1.169999
-3.105939	-12.469696	106.909332	1.179999
-4.024889	-12.999620	105.228065	1.189999
-4.915932	-13.764282	103.721497	1.199999
-5.804816	-14.777073	102.407692	1.209999
-6.716057	-16.050116	101.314873	1.219999
-7.672910	-17.593657	100.482529	1.229999
-8.697242	-19.414198	99.962830	1.239999
-9.809177	-21.511049	99.822227	1.249999
-11.026361	-23.870888	100.142670	1.259999
-12.362684	-26.459894	101.021591	1.269999
-13.826254	-29.213182	102.569283	1.279999
-15.416460	-32.021877	104.901505	1.289999
-17.120024	-34.719364	108.124664	1.299999
-18.906208	-37.070518	112.310730	1.309999
-20.721809	-38.770714	117.460579	1.319999
-22.487268	-39.464432	123.458832	1.329999
-24.096123	-38.793507	130.031174	1.339999
-25.420483	-36.478317	136.725037	1.349999
-26.324715	-32.418781	142.939728	1.359999
-26.687073	-26.779560	148.022354	1.369999
-26.425047	-20.011219	151.415741	1.379999
-25.516443	-12.775353	152.806503	1.389999
-24.007746	-5.788873	152.205109	1.399999
-22.005684	0.348841	149.918396	1.409999
-19.655045	5.272450	146.432785	1.419999
-17.111183	8.874743	142.269592	1.429999
-14.516145	11.253874	137.872711	1.439999
-11.983694	12.627559	133.555710	1.449999
-9.593864	13.253891	129.500900	1.459999
-7.394608	13.378041	125.787384	1.469999
-5.407279	13.205993	122.426788	1.479999
-3.633291	12.897694	119.394272	1.489999
-2.060309	12.570883	116.650467	1.499999
-0.667310	12.309162	114.154938	1.509999
0.571667	12.170639	111.873253	1.519999
1.684914	12.195484	109.780060	1.529999
2.701355	12.411925	107.859962	1.539999
3.649527	12.840695	106.107483	1.549999
4.557032	13.498143	104.526764	1.559999
5.450286	14.398199	103.131538	1.569999
6.354447	15.553290	101.945457	1.579999
7.293388	16.974220	101.002937	1.589999
8.289619	18.668871	100.350433	1.599999
9.364036	20.639462	100.047905	1.609999
10.535355	22.878029	100.170219	1.619999
11.819085	25.359661	100.807686	1.629999
13.225844	28.033165	102.064606	1.639999
14.758835	30.809204	104.054092	1.649999
16.410355	33.546871	106.886627	1.659999
18.157379	36.041439	110.649635	1.669999
19.956627	38.018723	115.375961	1.679999
21.740124	39.144596	121.002159	1.689999
23.413090	39.059895	127.323936	1.699999
24.856680	37.447498	133.965302	1.709999
25.938065	34.126274	140.385971	1.719999
26.528776	29.145941	145.948914	1.729999
26.528862	22.838421	150.048492	1.739999
25.890316	15.784146	152.263123	1.749999
24.631195	8.686969	152.467972	1.759999
22.834185	2.202895	150.852814	1.769999
20.629658	-3.203828	147.838547	1.779999
18.169750	-7.322978	143.939102	1.789999
15.602570	-10.174176	139.632935	1.799999
13.053488	-11.931314	135.285889	1.809999
10.615969	-12.838885	131.130798	1.819999
8.350568	-13.148019	127.285568	1.829999
6.289051	-13.079927	123.786758	1.839999
4.440666	-12.811971	120.622772	1.849999
2.798555	-12.477692	117.759354	1.859999
1.345243	-12.173426	115.156151	1.869999
0.056892	-11.966778	112.776123	1.879999
-1.093665	-11.904602	110.590042	1.889999
-2.134886	-12.019586	108.578140	1.899999
-3.095246	-12.335300	106.730362	1.909999
-4.002517	-12.869861	105.046112	1.919999
-4.883414	-13.638403	103.534081	1.929999
-5.763475	-14.654525	102.212410	1.939999
-6.667051	-15.930740	101.109322	1.949998
-7.617293	-17.477882	100.264221	1.959998
-8.636040	-19.303261	99.729225	1.969998
-9.743477	-21.407248	99.570808	1.979998
-10.957419	-23.777866	99.871162	1.989998
-12.292051	-26.382929	100.728340	1.999998
-13.755913	-29.159412	102.253860	2.009999
-15.348967	-32.000340	104.565636	2.019999
-17.058620	-34.740646	107.773399	2.029999
-18.854872	-37.145721	111.953773	2.039999
-20.685150	-38.909470	117.113434	2.049999
-22.470217	-39.671864	123.143074	2.059999
-24.103306	-39.066471	129.772980	2.069999
-25.455328	-36.802101	136.551270	2.079998
-26.388390	-32.766102	142.871628	2.089998
-26.777605	-27.113646	148.068588	2.099998
-26.536999	-20.293228	151.567932	2.109998
-25.641428	-12.973782	153.039978	2.119998
-24.135735	-5.886922	152.485245	2.129998
-22.126686	0.351175	150.209839	2.139998
-19.760597	5.361814	146.707397	2.149998
-17.195225	9.030860	142.510330	2.159998
-14.575196	11.455759	138.073349	2.169998
-12.016497	12.857599	133.718048	2.179998
-9.600770	13.499487	129.631378	2.189998
-7.376940	13.631516	125.894333	2.199998
-5.366805	13.463674	122.518700	2.209998
-3.571836	13.158791	119.478920	2.219998
-1.979522	12.836515	116.734688	2.229998
-0.568521	12.581623	114.244728	2.239998
0.687504	12.452886	111.974030	2.249998
1.817233	12.490803	109.896980	2.259998
2.849965	12.723696	107.998260	2.269998
3.814578	13.172202	106.272766	2.279998
4.738963	13.852382	104.725349	2.289998
5.649761	14.777631	103.370720	2.299998
6.572269	15.959501	102.233818	2.309998
7.530383	17.407433	101.350586	2.319998
8.546475	19.127237	100.769180	2.329998
9.641081	21.118111	100.551315	2.339998
10.832251	23.367786	100.773323	2.349998
12.134416	25.845453	101.526222	2.359998
13.556580	28.492207	102.913475	2.369998
15.099672	31.209236	105.044594	2.379998
16.752977	33.845066	108.022202	2.389998
18.489746	36.185017	111.919937	2.399998
20.262508	37.948727	116.749771	2.409998
21.999229	38.804382	122.420837	2.419998
23.602219	38.408981	128.698593	2.429998
24.952253	36.479050	135.182053	2.439998
25.920055	32.882751	141.322495	2.449998
26.385391	27.724485	146.501373	2.459998
26.260597	21.378736	150.160843	2.469998
25.511719	14.438979	151.945709	2.479998
24.169279	7.585657	151.795181	2.489998
22.323784	1.423628	149.939926	2.499998
20.107338	-3.642292	146.809158	2.509998
17.668306	-7.450638	142.897415	2.519998
15.147532	-10.049231	138.649628	2.529998
12.661949	-11.619995	134.397324	2.539998
10.297224	-12.401571	130.346390	2.549998
8.107719	-12.632581	126.597496	2.559998
6.120872	-12.520436	123.178421	2.569998
4.343286	-12.230309	120.074623	2.579998
2.766770	-11.886200	117.252205	2.589998
1.373458	-11.577529	114.672668	2.599998
0.139727	-11.367164	112.301132	2.609998
-0.961008	-11.298873	110.110237	2.619998
-1.956435	-11.403463	108.081497	2.629998
-2.874187	-11.703507	106.205460	2.639998
-3.741210	-12.216814	104.481430	2.649998
-4.583464	-12.958824	102.917358	2.659998
-5.425864	-13.944080	101.530029	2.669998
-6.292314	-15.186808	100.345741	2.679998
-7.205767	-16.700548	99.401527	2.689998
-8.188193	-18.496662	98.746841	2.699998
-9.260358	-20.581354	98.445549	2.709998
-10.441250	-22.950796	98.577835	2.719998
-11.747006	-25.583769	99.241371	2.729998
-13.189116	-28.431339	100.550438	2.739998
-14.771672	-31.403442	102.631027	2.749998
-16.487511	-34.353241	105.609085	2.759998
-18.313217	-37.062157	109.588478	2.769998
-20.203411	-39.231621	114.615746	2.779998
-22.085409	-40.491646	120.632179	2.789998
-23.856361	-40.438744	127.420998	2.799998
-25.385847	-38.712414	134.569061	2.809998
-26.527006	-35.104954	141.472961	2.819998
-27.137461	-29.673830	147.416977	2.829998
-27.107195	-22.802132	151.724487	2.839998
-26.385506	-15.155861	153.937851	2.849998
-24.996677	-7.531843	153.947250	2.859998
-23.037077	-0.654693	152.002304	2.869998
-20.654305	4.986029	148.603851	2.879998
-18.016754	9.196220	144.337814	2.889998
-15.284594	12.036434	139.729507	2.899998
-12.589862	13.727198	135.164139	2.909998
-10.027834	14.552421	130.873611	2.919998
-7.657410	14.790483	126.964310	2.929998
-5.506722	14.678321	123.458458	2.939998
-3.580588	14.400500	120.331757	2.949998
-1.867674	14.092460	117.540703	2.959998
-0.346407	13.849606	115.039429	2.969998
1.010616	13.737372	112.788712	2.979998
2.233557	13.800036	110.759888	2.989998
3.353328	14.067596	108.936066	2.999998
4.400361	14.560740	107.312057	3.009998
5.403897	15.294140	105.894020	3.019998
6.391606	16.278299	104.699188	3.029998
7.389366	17.520094	103.756012	3.039998
8.421060	19.022007	103.104614	3.049998
9.508265	20.779942	102.797386	3.059998
10.669700	22.779411	102.899445	3.069998
11.920275	24.989874	103.488167	3.079998
13.269622	27.357096	104.650948	3.089998
14.719954	29.793821	106.479645	3.099998
16.263205	32.169796	109.059914	3.109998
17.877531	34.303596	112.453598	3.119998
19.523607	35.960609	116.673088	3.129997
21.141537	36.863445	121.649147	3.139997
22.649822	36.721733	127.198486	3.149997
23.948235	35.284939	133.003433	3.159997
24.926250	32.413082	138.620804	3.169997
25.477562	28.146278	143.534302	3.179997
25.518717	22.742453	147.249649	3.189997
25.007233	16.654869	149.407639	3.199997
23.953091	10.444106	149.871582	3.209997
22.418957	4.652852	148.749908	3.219997
20.508646	-0.306948	146.345306	3.229997
18.347906	-4.213717	143.057419	3.239997
16.063961	-7.032487	139.283035	3.249997
13.769285	-8.866920	135.347198	3.259997
11.552257	-9.896977	131.475510	3.269997
9.474394	-10.325289	127.798698	3.279997
7.572272	-10.341969	124.374077	3.289997
5.861884	-10.107348	121.210686	3.299997
4.343693	-9.747416	118.290817	3.309997
3.007342	-9.356386	115.585373	3.319997
1.835510	-9.002294	113.063438	3.329997
0.806849	-8.733183	110.697441	3.339997
-0.101949	-8.582752	108.465477	3.349997
-0.914780	-8.575044	106.351974	3.359997
-1.655299	-8.728169	104.347588	3.369997
-2.346495	-9.057199	102.448883	3.379997
-3.010554	-9.576355	100.658112	3.389997
-3.668926	-10.300642	98.983284	3.399997
-4.342512	-11.246994	97.438644	3.409997
-5.051940	-12.434942	96.045670	3.419997
-5.817841	-13.886740	94.834618	3.429997
-6.661095	-15.626764	93.846756	3.439997
-7.602946	-17.679903	93.137230	3.449997
-8.664905	-20.068399	92.778618	3.459997
-9.868256	-22.806454	92.864838	3.469997
-11.232981	-25.891571	93.514854	3.479997
-12.775776	-29.291531	94.874741	3.489997
-14.506796	-32.925941	97.115631	3.499997
-16.424711	-36.642357	100.423325	3.509997
-18.509808	-40.189415	104.973610	3.519997
-20.715294	-43.194435	110.886436	3.529997
-22.957996	-45.160694	118.155243	3.539997
-25.111288	-45.507298	126.558136	3.549997
-27.005125	-43.674847	135.578705	3.559997
-28.439089	-39.299610	144.389206	3.569997
-29.212233	-32.410988	151.955872	3.579997
-29.166435	-23.552034	157.283630	3.589997
-28.230061	-13.716876	159.724335	3.599997
-26.442898	-4.086242	159.193161	3.609997
-23.949097	4.321140	156.164841	3.619997
-20.960508	10.901508	151.458267	3.629997
-17.707293	15.519539	145.946045	3.639997
-14.395389	18.393858	140.335999	3.649997
-11.182023	19.921089	135.085190	3.659997
-8.169562	20.528116	130.419998	3.669997
-5.411604	20.586758	126.404259	3.679997
-2.924369	20.383051	123.010155	3.689997
-0.698529	20.119139	120.171440	3.699997
1.290893	19.928686	117.816093	3.709997
3.077174	19.894527	115.883026	3.719997
4.696832	20.063553	114.328796	3.729997
6.186327	20.457487	113.128792	3.739997
7.579943	21.079781	112.275864	3.749997
8.908407	21.919312	111.777878	3.759997
10.197891	22.951641	111.654716	3.769997
11.469154	24.138441	111.934868	3.779997
12.736662	25.425669	112.651146	3.789997
14.007584	26.741224	113.835175	3.799997
15.280677	27.992958	115.510010	3.809997
16.545145	29.068365	117.680771	3.819997
17.779705	29.837593	120.323494	3.829997
18.952223	30.161535	123.373573	3.839997
20.020428	29.906336	126.716393	3.849997
20.934202	28.964149	130.183960	3.859997
21.639818	27.277454	133.561798	3.869997
22.086039	24.861219	136.608765	3.879997
22.231396	21.815186	139.088913	3.889997
22.051296	18.319288	140.809006	3.899997
21.543221	14.609999	141.651489	3.909997
20.728525	10.942360	141.592209	3.919997
19.650236	7.548503	140.697266	3.929997
18.367369	4.604677	139.101013	3.939997
16.947279	2.214719	136.973785	3.949997
15.457885	0.411075	134.489792	3.959997
13.961287	-0.831354	131.803146	3.969997
12.509595	-1.575610	129.035065	3.979997
11.143028	-1.903479	126.271057	3.989997
9.889905	-1.900301	123.564842	3.999997
8.767866	-1.644940	120.945450	4.009997
7.785762	-1.204359	118.424789	4.019997
6.945727	-0.631610	116.004234	4.029997
6.245163	0.034055	113.679626	4.039998
5.678472	0.765938	111.444763	4.049998
5.238475	1.548212	109.293549	4.059998
4.917544	2.374207	107.221298	4.069998
4.708457	3.244882	105.225456	4.079998
4.605038	4.167572	103.305984	4.089999
4.602633	5.155026	101.465706	4.099999
4.698448	6.224719	99.710670	4.109999
4.891810	7.398378	98.050713	4.119999
5.184355	8.701662	96.500267	4.130000
5.580172	10.163874	95.079544	4.140000
6.085904	11.817580	93.816200	4.150000
6.710791	13.697900	92.747536	4.160000
7.466611	15.841143	91.923409	4.170001
8.367460	18.282320	91.409828	4.180001
9.429241	21.050806	91.293198	4.190001
10.668674	24.163179	91.684807	4.200001
12.101557	27.611986	92.724579	4.210001
13.739906	31.349070	94.582138	4.220002
15.587508	35.262547	97.451561	4.230002
17.633453	39.148232	101.534187	4.240002
19.843479	42.680332	107.001823	4.250002
22.149706	45.393501	113.933319	4.260003
24.440859	46.698109	122.224030	4.270003
26.557262	45.957333	131.485809	4.280003
28.297005	42.645432	140.983749	4.290003
29.439434	36.566780	149.679520	4.300004
29.786959	28.048853	156.434250	4.310004
29.215536	17.978018	160.339172	4.320004
27.714064	7.596585	161.027405	4.330004
25.392773	-1.871833	158.785507	4.340004
22.454874	-9.572865	154.397278	4.350005
19.144897	-15.174342	148.828369	4.360005
15.696660	-18.797371	142.935165	4.370005
12.298235	-20.828962	137.313065	4.380005
9.078572	-21.736895	132.284592	4.390006
6.110621	-21.949667	127.965324	4.400006
3.422804	-21.805128	124.346695	4.410006
1.012358	-21.544449	121.362961	4.420006
-1.142956	-21.327030	118.934128	4.430007
-3.075955	-21.250561	116.988770	4.440007
-4.823833	-21.368792	115.473602	4.450007
-6.424081	-21.704679	114.355637	4.460007
-7.911869	-22.258930	113.620674	4.470007
-9.318338	-23.014805	113.270157	4.480008
-10.669410	-23.940138	113.317223	4.490008
-11.984814	-24.987448	113.782181	4.500008
-13.277177	-26.092999	114.687042	4.510008
-14.551102	-27.175718	116.048904	4.520009
-15.802258	-28.137110	117.871834	4.530009
-17.016645	-28.863489	120.137451	4.540009
-18.170284	-29.232010	122.795113	4.550009
-19.229717	-29.121614	125.753426	4.560009
-20.153717	-28.429115	128.876007	4.570010
-20.896532	-27.088808	131.984711	4.580010
-21.412722	-25.091740	134.872986	4.590010
-21.663141	-22.498854	137.329361	4.600010
-21.621170	-19.442154	139.167587	4.610011
-21.277819	-16.110638	140.256058	4.620011
-20.644442	-12.722769	140.538025	4.630011
-19.752234	-9.492387	140.036194	4.640011
-18.648584	-6.597567	138.840912	4.650012
-17.391205	-4.160360	137.086609	4.660012
-16.041458	-2.240808	134.924561	4.670012
-14.658278	-0.843463	132.499313	4.680012
-13.293635	0.068461	129.933167	4.690012
-11.989900	0.556696	127.319412	4.700013
-10.778980	0.693274	124.722549	4.710013
-9.682799	0.549613	122.182686	4.720013
-8.714606	0.189622	119.721588	4.730013
-7.880684	-0.333811	117.348656	4.740014
-7.182127	-0.979945	115.065956	4.750014
-6.616501	-1.719848	112.871964	4.760014
-6.179265	-2.535311	110.764214	4.770014
-5.864953	-3.417483	108.740974	4.780015
-5.668104	-4.365517	106.802383	4.790015
-5.583978	-5.385362	104.951187	4.800015
-5.609099	-6.488747	103.193352	4.810015
-5.741654	-7.692359	101.538704	4.820015
-5.981782	-9.017145	100.001755	4.830016
-6.331764	-10.487655	98.602768	4.840016
-6.796140	-12.131269	97.369209	4.850016
-7.381715	-13.977118	96.337654	4.860016
-8.097451	-16.054369	95.556168	4.870017
-8.954155	-18.389484	95.087173	4.880017
-9.963875	-21.001814	95.010590	4.890017
-11.138836	-23.896811	95.426819	4.900017
-12.489700	-27.055935	96.458572	4.910017
-14.022861	-30.422476	98.249741	4.920018
-15.736458	-33.883080	100.958344	4.930018
-17.614876	-37.246441	104.739204	4.940018
-19.621767	-40.223888	109.711304	4.950018
-21.692293	-42.421875	115.905998	4.960019
-23.726442	-43.362419	123.198593	4.970019
-25.586750	-42.549980	131.238968	4.980019
-27.104935	-39.593853	139.415436	4.990019
-28.101309	-34.366409	146.898193	5.000020
0.117889	0.409852	0.294353	0.010000
0.156030	0.669634	0.289194	0.020000
0.218971	1.022523	0.284919	0.030000
0.315408	1.523658	0.282400	0.040000
0.459295	2.249119	0.283525	0.050000
0.671797	3.307668	0.292366	0.060000
0.984372	4.857130	0.317687	0.070000
1.443391	7.127808	0.378347	0.080000
2.116965	10.456164	0.514924	0.090000
3.104900	15.332788	0.814653	0.100000
4.553027	22.468710	1.464845	0.110000
6.673288	32.880127	2.866523	0.120000
9.770248	47.973728	5.872964	0.130000
14.270746	69.552361	12.275475	0.140000
20.739326	99.469315	25.725323	0.150000
29.819256	138.151764	53.188210	0.160000
41.931782	180.254333	106.005768	0.170000
56.399910	205.844025	195.655334	0.180000
69.848030	175.272354	313.269470	0.190000
75.586967	61.077164	401.024445	0.200000
67.970520	-86.850632	391.052887	0.210000
48.883755	-180.518066	305.789825	0.220000
25.574591	-206.700806	224.757111	0.230000
3.268766	-206.090851	187.195190	0.240000
-16.755962	-204.648117	194.049164	0.250000
-34.639526	-199.621002	239.226089	0.260000
-49.407009	-169.152313	311.197296	0.270000
-57.960682	-92.140121	378.446503	0.280000
-56.739571	18.356909	397.231598	0.290000
-45.431683	113.727318	358.110718	0.300000
-27.908752	163.649048	299.382599	0.310000
-8.815804	178.431854	259.833679	0.320000
9.157871	177.399597	252.546295	0.330000
24.896345	165.951935	274.753937	0.340000
37.340618	136.516449	315.711823	0.350000
44.708549	80.994446	355.534241	0.360000
45.173477	6.374166	370.840363	0.370000
38.496704	-63.813919	353.401642	0.380000
26.668562	-109.937714	318.304504	0.390000
12.617494	-130.712494	287.400330	0.400000
-1.362100	-134.880844	272.863434	0.410000
-13.963335	-128.614471	276.281525	0.420000
-24.345387	-112.063568	293.101105	0.430000
-31.633366	-82.824547	314.683075	0.440000
-34.911053	-41.694618	330.126587	0.450000
-33.692879	4.023186	331.276062	0.460000
-28.403700	43.803661	318.092224	0.470000
-20.310402	70.860909	297.956390	0.480000
-10.937961	84.923553	279.515778	0.490000
-1.526519	89.283157	267.962830	0.500000
7.120546	86.998543	264.526886	0.510000
14.500954	79.407097	267.833130	0.520000
20.234495	66.634949	275.016266	0.530000
23.986961	48.896618	282.447540	0.540000
25.522285	27.601494	286.664062	0.550000
24.819719	5.508415	285.574463	0.560000
22.147039	-14.242882	279.228241	0.570000
18.014057	-29.454863	269.474426	0.580000
13.028536	-39.505417	258.783508	0.590000
7.745710	-45.022224	249.154327	0.600000
2.583657	-47.136967	241.672546	0.610000
-2.186615	-46.899593	236.614929	0.620000
-6.408069	-45.037827	233.742523	0.630000
-9.995522	-41.968220	232.551834	0.640000
-12.903529	-37.915348	232.431076	0.650000
-15.109592	-33.043747	232.753281	0.660000
-16.610352	-27.554977	232.946243	0.670000
-17.425285	-21.729897	232.555679	0.680000
-17.601789	-15.914732	231.294983	0.690000
-17.216690	-10.466842	229.064957	0.700000
-16.371771	-5.688400	225.934021	0.710000
-15.183925	-1.776509	222.085617	0.720000
-13.772766	1.194251	217.752808	0.730000
-12.249067	3.257786	213.161423	0.740000
-10.706486	4.523596	208.494354	0.750000
-9.217466	5.139830	203.878601	0.760000
-7.832855	5.262599	199.388672	0.770000
-6.584077	5.035618	195.058472	0.780000
-5.486657	4.579657	190.894913	0.790000
-4.544101	3.989215	186.889648	0.800000
-3.751544	3.333603	183.027542	0.810000
-3.098841	2.660176	179.292007	0.820000
-2.573024	1.998297	175.667831	0.830000
-2.160139	1.363178	172.142334	0.839999
-1.846561	0.759218	168.705643	0.849999
-1.619891	0.182675	165.350449	0.859999
-1.469534	-0.376340	162.071579	0.869999
-1.387059	-0.932530	158.865616	0.879999
-1.366423	-1.504674	155.730576	0.889999
-1.404118	-2.115437	152.665802	0.899999
-1.499319	-2.791681	149.672012	0.909999
-1.654051	-3.565281	146.751526	0.919999
-1.873453	-4.474432	143.908890	0.929999
-2.166157	-5.565481	141.151825	0.939999
-2.544825	-6.895340	138.492828	0.949999
-3.026902	-8.534519	135.951691	0.959999
-3.635601	-10.570779	133.559555	0.969999
-4.401175	-13.113292	131.365265	0.979999
-5.362468	-16.296850	129.445282	0.989999
-6.568683	-20.285000	127.919243	0.999999
-8.081158	-25.269508	126.973793	1.009999
-9.974582	-31.460754	126.898186	1.019999
-12.336449	-39.058311	128.134674	1.029999
-15.262262	-48.181992	131.342636	1.039999
-18.841858	-58.730957	137.461044	1.049999
-23.129087	-70.128990	147.717789	1.059999
-28.084394	-80.935455	163.461929	1.069999
-33.483032	-88.423409	185.601120	1.079999
-38.803856	-88.539978	213.446991	1.089999
-43.169201	-77.057899	243.260925	1.099999
-45.471634	-52.407345	267.954132	1.109999
-44.779346	-18.573843	279.910370	1.119999
-40.845886	15.682932	276.080017	1.129999
-34.295502	42.136719	260.311066	1.139999
-26.277477	57.773411	240.076935	1.149999
-17.905153	64.545319	221.575684	1.159999
-9.911016	66.195412	207.761093	1.169999
-2.618356	65.827843	199.164551	1.179999
3.923212	65.186440	195.308655	1.189999
9.786984	64.841530	195.562439	1.199999
15.059491	64.547791	199.396957	1.209999
19.772820	63.529213	206.297394	1.219999
23.868734	60.725330	215.533600	1.229999
27.192097	55.101780	225.938965	1.239999
29.519218	46.066628	235.859329	1.249999
30.624170	33.878323	243.418411	1.259999
30.368191	19.782015	247.086975	1.269999
28.774275	5.665819	246.269058	1.279999
26.045311	-6.643573	241.499527	1.289999
22.513577	-16.015427	234.104279	1.299999
18.551010	-22.219452	225.587448	1.309999
14.486625	-25.707806	217.142578	1.319999
10.560483	-27.238571	209.474838	1.329999
6.915743	-27.574863	202.867188	1.339999
3.614172	-27.334940	197.338303	1.349999
0.659545	-26.959106	192.786545	1.359999
-1.980582	-26.734013	189.084061	1.369999
-4.358253	-26.832211	186.125595	1.379999
-6.533737	-27.346918	183.847931	1.389999
-8.568144	-28.315855	182.233841	1.399999
-10.518579	-29.734039	181.308945	1.409999
-12.434610	-31.557224	181.135254	1.419999
-14.355084	-33.697857	181.801956	1.429999
-16.304636	-36.015594	183.411545	1.439999
-18.289507	-38.305550	186.058517	1.449999
-20.292728	-40.289589	189.797302	1.459999
-22.269356	-41.619419	194.598618	1.469999
-24.143349	-41.902908	200.298553	1.479999
-25.808613	-40.764225	206.555008	1.489999
-27.137150	-37.938446	212.836212	1.499999
-27.996277	-33.380577	218.469666	1.509999
-28.273666	-27.344475	222.763245	1.519999
-27.904423	-20.379347	225.172348	1.529999
-26.890860	-13.219735	225.447052	1.539999
-25.306538	-6.602675	223.687637	1.549999
-23.282249	-1.091278	220.281555	1.559999
-20.979450	3.021745	215.760300	1.569999
-18.561180	5.708937	210.648758	1.579999
-16.169348	7.132585	205.364502	1.589999
-13.912451	7.549343	200.182480	1.599999
-11.863027	7.232095	195.248428	1.609999
-10.061601	6.422503	190.614410	1.619999
-8.523672	5.310812	186.276199	1.629999
-7.247197	4.033325	182.202454	1.639999
-6.219221	2.678609	178.353806	1.649999
-5.421143	1.296503	174.693344	1.659999
-4.832612	-0.093166	171.191376	1.669999
-4.434280	-1.493449	167.826935	1.679999
-4.209681	-2.925029	164.587799	1.689999
-4.146495	-4.422756	161.470093	1.699999
-4.237432	-6.033709	158.478256	1.709999
-4.480881	-7.816520	155.625809	1.719999
-4.881490	-9.841676	152.937302	1.729999
-5.450737	-12.192441	150.451920	1.739999
-6.207541	-14.965915	148.229340	1.749999
-7.178900	-18.273325	146.358643	1.759999
-8.400400	-22.238001	144.971512	1.769999
-9.916304	-26.988144	144.260742	1.779999
-11.778537	-32.639355	144.504913	1.789999
-14.043406	-39.258541	146.097672	1.799999
-16.763969	-46.796623	149.574509	1.809999
-19.974861	-54.974884	155.617065	1.819999
-23.665442	-63.116745	164.991287	1.829999
-27.737904	-69.951347	178.345093	1.839999
-31.953121	-73.503204	195.781662	1.849999
-35.883255	-71.319038	216.219223	1.859999
-38.915680	-61.332207	236.849243	1.869999
-40.365501	-43.302567	253.401184	1.879999
-39.707523	-19.891516	261.775665	1.889999
-36.822456	4.002800	260.329742	1.899999
-32.077229	23.673950	250.849365	1.909999
-26.162504	36.818672	237.226059	1.919999
-19.810621	43.814411	223.209885	1.929999
-13.581743	46.492104	211.102249	1.939999
-7.796391	46.832867	201.756882	1.949998
-2.573415	46.317200	195.170120	1.959998
2.097008	45.823380	191.024475	1.969998
6.287981	45.752125	188.990753	1.979998
10.090120	46.173752	188.835602	1.989998
13.582535	46.930553	190.420593	1.999998
16.814577	47.695930	193.649063	2.009999
19.794130	48.015007	198.387238	2.019999
22.481239	47.356289	204.375504	2.029999
24.788696	45.199669	211.151367	2.039999
26.592876	41.169209	218.020035	2.049999
27.757305	35.185322	224.114120	2.059999
28.167101	27.571346	228.559525	2.069999
27.765617	19.037045	230.705063	2.079998
26.579672	10.509123	230.312836	2.089998
24.721855	2.870475	227.605637	2.099998
22.368368	-3.267623	223.147247	2.109998
19.722240	-7.662191	217.629974	2.119998
16.976709	-10.394506	211.680252	2.129998
14.289879	-11.747869	205.751266	2.139998
11.773968	-12.080839	200.105850	2.149998
9.496315	-11.738097	194.854095	2.159998
7.486992	-11.005964	190.007584	2.169998
5.748552	-10.100802	185.526733	2.179998
4.265173	-9.175282	181.353455	2.189998
3.010014	-8.331482	177.429749	2.199998
1.950559	-7.634716	173.706375	2.209998
1.052193	-7.125566	170.145508	2.219998
0.280379	-6.829503	166.720413	2.229998
-0.398214	-6.764335	163.414032	2.239998
-1.015327	-6.945951	160.217392	2.249998
-1.601266	-7.392864	157.128662	2.259998
-2.185448	-8.129961	154.152832	2.269998
-2.797232	-9.191803	151.302444	2.279998
-3.466978	-10.625673	148.599548	2.289998
-4.227285	-12.494484	146.079208	2.299998
-5.114391	-14.879390	143.795349	2.309998
-6.169649	-17.881607	141.829666	2.319998
-7.440966	-21.622196	140.305115	2.329998
-8.983922	-26.237261	139.405487	2.339998
-10.861960	-31.863735	139.402740	2.349998
-13.144525	-38.607052	140.692078	2.359998
-15.901045	-46.476540	143.830063	2.369998
-19.187294	-55.268711	149.558350	2.379998
-23.019035	-64.380051	158.769699	2.389998
-27.327536	-72.559036	172.331314	2.399998
-31.896252	-77.698708	190.646454	2.409998
-36.294762	-76.948906	212.898941	2.419998
-39.858303	-67.575165	236.250885	2.429998
-41.789280	-48.692051	255.840363	2.439998
-41.419674	-22.890093	266.522400	2.449998
-38.529575	4.159089	265.820099	2.459998
-33.487381	26.625692	255.539917	2.469998
-27.077091	41.531845	240.329559	2.479998
-20.150578	49.285416	224.771439	2.489998
-13.355906	52.121838	211.635971	2.499998
-7.053644	52.414124	201.890701	2.509998
-1.368082	51.862652	195.478546	2.519998
3.719872	51.400482	192.001465	2.529998
8.292119	51.368698	191.071732	2.539998
12.438328	51.702579	192.410889	2.549998
16.221628	52.058552	195.813812	2.559998
19.657938	51.899891	201.050568	2.569998
22.705376	50.584660	207.747025	2.579998
25.264694	47.495365	215.283203	2.589998
27.194376	42.222145	222.763580	2.599998
28.342730	34.758636	229.115204	2.609998
28.592859	25.614151	233.325455	2.619998
27.906898	15.742215	234.739258	2.629998
26.350878	6.273513	233.262009	2.639998
24.087669	-1.827019	229.346237	2.649998
21.341082	-8.003870	223.775543	2.659998
18.347914	-12.158391	217.381027	2.669998
15.317070	-14.534286	210.831451	2.679998
12.406392	-15.545479	204.552872	2.689998
9.717299	-15.632621	198.750275	2.699998
7.301251	-15.180502	193.474579	2.709998
5.171278	-14.488549	188.691284	2.719998
3.313849	-13.773187	184.331467	2.729998
1.698762	-13.183784	180.322525	2.739998
0.286417	-12.821353	176.603607	2.749998
-0.967329	-12.755225	173.131546	2.759998
-2.108243	-13.036335	169.882233	2.769998
-3.182209	-13.707259	166.850327	2.779998
-4.234728	-14.809545	164.049347	2.789998
-5.311067	-16.388767	161.513153	2.799998
-6.456793	-18.497412	159.299561	2.809998
-7.718435	-21.195143	157.496689	2.819998
-9.143963	-24.545322	156.232376	2.829998
-10.782655	-28.605530	155.686859	2.839998
-12.683699	-33.408356	156.107803	2.849998
-14.892500	-38.927017	157.824371	2.859998
-17.443190	-45.019127	161.251953	2.869998
-20.345379	-51.343918	166.870346	2.879998
-23.563328	-57.258938	175.145660	2.889998
-26.987446	-61.730389	186.357117	2.899998
-30.403368	-63.342113	200.306152	2.909998
-33.473686	-60.539032	215.964767	2.919998
-35.758457	-52.207020	231.278778	2.929998
-36.799355	-38.454933	243.470703	2.939998
-36.261253	-21.083075	250.008148	2.949998
-34.069885	-3.148052	249.800720	2.959998
-30.457109	12.316211	243.724426	2.969998
-25.876259	23.526417	234.022339	2.979998
-20.842402	30.290947	223.129578	2.989998
-15.792013	33.506161	212.809845	2.999998
-11.016356	34.427021	203.948761	3.009998
-6.662453	34.175652	196.776932	3.019998
-2.768033	33.562237	191.186081	3.029998
0.698023	33.095264	186.962677	3.039998
3.803088	33.056282	183.912933	3.049998
6.628585	33.572811	181.911942	3.059998
9.255980	34.667904	180.912430	3.069998
11.757871	36.285423	180.935165	3.079998
14.191566	38.296371	182.050262	3.089998
16.593349	40.492905	184.350494	3.099998
18.972509	42.578030	187.913620	3.109998
21.305151	44.161892	192.750397	3.119998
23.529051	44.779854	198.739594	3.129997
25.542240	43.949310	205.562195	3.139997
27.209137	41.274731	212.663025	3.149997
28.377735	36.587143	219.279205	3.159997
28.908243	30.068460	224.564697	3.169997
28.707619	22.286909	227.795441	3.179997
27.758537	14.091626	228.577988	3.189997
26.130325	6.389334	226.956650	3.199997
23.966129	-0.096623	223.361053	3.209997
21.451624	-4.973899	218.429993	3.219997
18.778221	-8.190460	212.810287	3.229997
16.113380	-9.941509	207.017044	3.239997
13.584272	-10.544649	201.383286	3.249997
11.274244	-10.337376	196.077286	3.259997
9.227749	-9.616504	191.149979	3.269997
7.459072	-8.614363	186.584045	3.279997
5.961514	-7.497962	182.331253	3.289997
4.715293	-6.378820	178.335785	3.299997
3.693614	-5.325696	174.546341	3.309997
2.866952	-4.376441	170.920914	3.319997
2.205878	-3.547672	167.427460	3.329997
1.682784	-2.842111	164.042679	3.339997
1.272812	-2.253930	160.750183	3.349997
0.954259	-1.772525	157.538666	3.359997
0.708616	-1.385102	154.400436	3.369997
0.520407	-1.078383	151.330185	3.379997
0.376892	-0.839687	148.324203	3.389997
0.267723	-0.657557	145.379791	3.399997
0.184584	-0.522085	142.494904	3.409997
0.120840	-0.425036	139.667862	3.419997
0.071215	-0.359845	136.897247	3.429997
0.031504	-0.321558	134.181793	3.439997
-0.001681	-0.306751	131.520340	3.449997
-0.031134	-0.313458	128.911758	3.459997
-0.059250	-0.341146	126.355019	3.469997
-0.088201	-0.390737	123.849106	3.479997
-0.120100	-0.464714	121.393066	3.489997
-0.157169	-0.567321	118.985992	3.499997
-0.201904	-0.704896	116.627068	3.509997
-0.257270	-0.886348	114.315582	3.519997
-0.326932	-1.123849	112.050995	3.529997
-0.415537	-1.433789	109.833038	3.539997
-0.529073	-1.838072	107.661896	3.549997
-0.675338	-2.365882	105.538483	3.559997
-0.864564	-3.056064	103.464958	3.569997
-1.110225	-3.960309	101.445572	3.579997
-1.430133	-5.147426	99.488159	3.589997
-1.847882	-6.709011	97.606689	3.599997
-2.394773	-8.766894	95.825745	3.609997
-3.112351	-11.482716	94.188263	3.619997
-4.055708	-15.069756	92.769043	3.629997
-5.297681	-19.806356	91.698219	3.639997
-6.933906	-26.048128	91.201721	3.649997
-9.088242	-34.230873	91.669876	3.659997
-11.916915	-44.843933	93.769844	3.669997
-15.606958	-58.327415	98.617302	3.679997
-20.358589	-74.796829	107.999489	3.689997
-26.330019	-93.427681	124.544983	3.699997
-33.507820	-111.321754	151.465561	3.709997
-41.464172	-122.058273	191.005341	3.719997
-49.037193	-115.559738	240.617203	3.729997
-54.213108	-82.915451	288.377686	3.739997
-54.744102	-26.905680	315.197937	3.749997
-49.556309	33.571411	309.514313	3.759997
-39.673073	77.623558	279.436218	3.769997
-27.446600	99.179131	243.915359	3.779997
-14.996654	105.379128	216.586014	3.789997
-3.432094	105.383041	201.713531	3.799997
6.968416	104.351143	198.714203	3.809997
16.268789	103.150589	206.003235	3.819997
24.483017	99.664398	221.874252	3.829997
31.349533	90.208061	243.597900	3.839997
36.282475	71.492157	266.285522	3.849997
38.548008	43.265759	283.228973	3.859997
37.648689	9.930851	288.757294	3.869997
33.691856	-21.255449	281.824036	3.879997
27.428148	-44.550938	266.551788	3.889997
19.915077	-58.487125	249.048965	3.899997
12.100467	-65.001099	233.980057	3.909997
4.606261	-66.998787	223.494019	3.919997
-2.260114	-66.702538	217.930374	3.929997
-8.388063	-65.207527	216.790009	3.939997
-13.743398	-62.677376	219.275772	3.949997
-18.286423	-58.714748	224.424316	3.959997
-21.934366	-52.750416	231.058746	3.969997
-24.564548	-44.423660	237.774261	3.979997
-26.051552	-33.895634	243.092682	3.989997
-26.323687	-21.968594	245.794250	3.999997
-25.413542	-9.908435	245.275040	4.009997
-23.476135	0.970918	241.703186	4.019997
-20.763861	9.732083	235.861511	4.029997
-17.571323	16.020885	228.783005	4.039998
-14.176893	20.004143	221.400070	4.049998
-10.802708	22.155888	214.356552	4.059998
-7.599656	23.040588	207.989746	4.069998
-4.651617	23.172932	202.407440	4.079998
-1.989327	22.959446	197.585129	4.089999
0.393794	22.693495	193.443542	4.099999
2.527915	22.574129	189.897415	4.109999
4.456467	22.730125	186.880737	4.119999
6.228983	23.240643	184.357178	4.130000
7.896376	24.149792	182.322769	4.140000
9.507801	25.474985	180.805206	4.150000
11.108399	27.209576	179.861923	4.160000
12.737288	29.320248	179.577194	4.170001
14.425297	31.739519	180.057480	4.180001
16.192028	34.353943	181.422760	4.190001
18.041937	36.989697	183.790695	4.200001
19.959438	39.399368	187.250153	4.210001
21.903503	41.257206	191.821518	4.220002
23.803059	42.173985	197.405518	4.230002
25.555508	41.744095	203.731125	4.240002
27.031506	39.631737	210.324921	4.250002
28.088820	35.685429	216.533157	4.260003
28.595705	30.042885	221.620026	4.270003
28.459658	23.168882	224.933075	4.280003
27.652607	15.782207	226.079224	4.290003
26.222349	8.681881	225.029022	4.300004
24.284628	2.544856	222.095764	4.310004
21.998718	-2.214873	217.805237	4.320004
19.536234	-5.478140	212.728333	4.330004
17.053839	-7.359850	207.350082	4.340004
14.676278	-8.108287	202.008926	4.350005
12.490518	-8.012498	196.897079	4.360005
10.548101	-7.340797	192.094101	4.370005
8.871856	-6.311205	187.608063	4.380005
7.463830	-5.084339	183.410110	4.390006
6.312631	-3.768290	179.458008	4.400006
5.399373	-2.428027	175.709686	4.410006
4.702143	-1.095135	172.129639	4.420006
4.199146	0.223907	168.691101	4.430007
3.870841	1.541452	165.376144	4.440007
3.701347	2.884340	162.174896	4.450007
3.679370	4.291266	159.084961	4.460007
3.798844	5.811544	156.111252	4.470007
4.059442	7.505053	153.266785	4.480008
4.467069	9.443087	150.574631	4.490008
5.034419	11.709859	148.071442	4.500008
5.781632	14.404204	145.813232	4.510008
6.737037	17.640726	143.884247	4.520009
7.937855	21.548950	142.410202	4.530009
9.430592	26.267771	141.577301	4.540009
11.270492	31.930283	141.658203	4.550009
13.518916	38.630512	143.044540	4.560009
16.236576	46.358620	146.280167	4.570010
19.469290	54.886875	152.077103	4.580010
23.221605	63.592148	161.271179	4.590010
27.413731	71.231041	174.637726	4.600010
31.822441	75.772476	192.463715	4.610011
36.022884	74.551552	213.847458	4.620011
39.377415	65.115410	236.007187	4.630011
41.139194	46.814598	254.375366	4.640011
40.698326	22.197947	264.258667	4.650012
37.868454	-3.456551	263.481262	4.660012
33.005016	-24.803396	253.752609	4.670012
26.843212	-39.096741	239.336365	4.680012
20.181913	-46.662941	224.454910	4.690012
13.635355	-49.525169	211.709229	4.700013
7.552727	-49.883259	202.051178	4.710013
2.060899	-49.356564	195.465790	4.720013
-2.852328	-48.873207	191.595901	4.730013
-7.264230	-48.818363	190.079056	4.740014
-11.265856	-49.202969	190.656540	4.750014
-14.929738	-49.779922	193.157623	4.760014
-18.289934	-50.116081	197.424561	4.770014
-21.330303	-49.654110	203.211731	4.780015
-23.980757	-47.800484	210.085266	4.790015
-26.124271	-44.062077	217.360535	4.800015
-27.618023	-38.219830	224.127441	4.810015
-28.328619	-30.478851	229.398941	4.820015
-28.174042	-21.502142	232.359253	4.830016
-27.157637	-12.266852	232.608215	4.840016
-25.378933	-3.782704	230.268631	4.850016
-23.015591	3.192251	225.894455	4.860016
-20.284777	8.303784	220.241318	4.870017
-17.400732	11.582765	214.029541	4.880017
-14.543106	13.316014	207.798172	4.890017
-11.841877	13.897097	201.868652	4.900017
-9.376596	13.715777	196.381256	4.910017
-7.184139	13.100479	191.356934	4.920018
-5.269486	12.301620	186.753922	4.930018
-3.616085	11.497732	182.507385	4.940018
-2.194214	10.810463	178.552399	4.950018
-0.967048	10.320762	174.834808	4.960019
0.105343	10.082996	171.315002	4.970019
1.063610	10.136237	167.968079	4.980019
1.947954	10.512975	164.782913	4.990019
2.797812	11.245808	161.761459	5.000020
